-28.6803
-44.8765
-37.611
-35.7946
-52.8989
-5.97542
-71.2142
-19.447
-54.1099
-32.9186
-34.4323
-37.9137
-46.6929
-40.1842
-42.1519
-53.0503
-19.1443
-76.8148
-33.2213
-56.3804
-47.6011
-32.3131
-41.5465
-46.5416
-47.7525
-28.9831
-68.9438
-28.529
-69.2465
-57.1372
-37.0055
-64.8569
-34.8864
-60.9213
-38.0651
-51.0825
-40.1842
-50.3257
-53.353
-54.8667
-48.2066
-39.1246
-56.5317
-39.8814
-70.3061
-27.7722
-52.7476
-40.7896
-24.2907
-59.4077
-11.8787
-60.9213
-18.0847
-33.6754
-38.0651
-17.9334
-52.2935
-15.3601
-35.0377
-39.1246
-6.42952
-44.4224
-25.9558
-17.0252
-41.5465
4.46885
-17.1765
-19.5984
-5.82406
-17.4793
-21.8689
-19.2956
-32.1618
-17.782
-19.447
-10.8191
2.34972
-33.3727
1.74425
-65.6137
14.1563
-72.7279
-13.9978
-29.2858
-106.028
0.381958
-104.515
-55.4722
-76.8148
-69.7006
-65.7651
-54.564
-61.9809
-75.7552
-68.4897
-101.79
-80.9017
-117.381
-79.388
-109.359
-40.941
-95.5842
-83.0208
-64.2514
-180.955
-24.2907
-286.457
-76.8148
-66.5219
-76.2093
-6.73225
3.25792
1.74425
13.0967
-27.7722
-44.2711
-27.4694
-108.602
29.5956
-31.859
6.43661
74.4
71.07
88.023
90.5962
91.9585
64.4099
17.9404
68.0426
2.50108
-30.9508
17.4863
-13.6951
37.3153
-57.5913
57.1443
-35.7946
-57.7427
49.1219
-48.6607
-36.8541
-82.7181
9.91803
-98.9143
-41.8492
-135.242
-18.0847
-110.267
2.34972
13.2481
-99.8225
50.9383
-72.7279
11.8858
-127.522
-23.2312
-46.2388
-91.346
-31.7077
-70.1547
1.74425
-198.21
-56.5317
-105.877
-202.297
10.6749
-22.0202
35.6503
-2.64537
28.8388
-91.4973
-62.7377
-228.635
-162.942
-140.389
-200.178
67.4372
-75.9066
93.0181
-123.89
47.3055
-122.073
-73.9388
-177.322
-211.682
-36.7028
55.4793
92.7153
-111.629
-228.484
-326.266
-277.375
-973.962
-218.342
12.9454
188.227
96.9536
-98.9143
-193.669
-283.127
101.192
-32.7672
23.8437
-329.748
-159.461
-485.503
56.3874
3.10655
-115.867
-485.201
-1280.02
-439.337
211.538
205.483
209.419
279.955
156.138
441.614
366.234
281.469
347.616
519.871
328.847
765.689
416.79
646.261
105.127
324.306
357.758
260.126
-280.554
-478.238
-442.818
-364.865
43.2186
-373.038
313.104
-427.076
-95.4328
-72.1224
-437.369
-256.184
-308.254
-174.143
-240.896
-107.542
-528.037
-235.447
-655.034
-328.537
-364.108
-844.09
-719.818
-980.774
-867.854
-1121.7
-1003.63
-1307.88
-937.029
-1104.74
-998.029
-854.383
-956.555
-877.542
-1027.24
-572.539
-176.716
385.609
645.656
1182.4
2827.15
4233.49
4919.78
4919.78
4919.78
4919.78
4919.78
4744.96
3942.11
1523.28
-4348.07
-5000
-5000
-5000
-3774.84
-495.948
-925.979
-2691.82
-3841.14
-3538.26
-2797.62
-2524.25
-1969.5
-1743.96
-1330.13
-1138.19
-776.581
-572.388
-320.363
-245.285
-15.0574
10.9776
1042.08
4919.78
4919.78
4919.78
1089.76
-3179.22
28.8388
-3719.14
-4584.95
-3869.9
-3176.95
-1790.73
4919.78
4919.78
4919.78
4919.78
-4397.41
-5000
-5000
-5000
-5000
-5000
-2406.49
3519.34
-2188.07
-5000
-3140.47
-3809.2
472.493
4919.78
4919.78
4919.78
4919.78
4919.78
4919.78
4919.78
4207.15
3078.41
691.217
466.893
-2301.29
-782.181
-5000
-5000
-5000
-5000
-5000
-5000
-3009.69
4919.78
4096.05
3930
2381.22
2146.75
1028.92
831.534
49.576
-98.0061
-614.77
-717.851
-1025.88
-1082.19
-1239.61
-1253.84
-1298.34
-1267.01
-1224.17
-1148.18
-1041.32
-909.48
-762.958
-609.472
-447.662
-288.122
-117.381
53.0574
225.918
395.902
563.161
726.183
882.393
1042.54
1189.21
1314.39
1428.52
1535.39
1640.28
1726.26
1795.43
1849.02
1898.36
1938.63
1953.91
1961.33
1954.82
1941.05
1917.28
1887.62
1845.84
1790.59
1724.9
1643.76
1560.66
1474.69
1383.57
1283.66
1178.92
1072.66
966.098
845.762
727.848
612.053
490.203
372.44
262.851
142.818
27.4765
-86.1995
-200.784
-310.978
-417.843
-520.015
-618.1
-713.007
-799.437
-884.505
-957.917
-1034.51
-1112.46
-1158.78
-1210.24
-1261.86
-1300.46
-1328.46
-1343.75
-1372.51
-1380.23
-1395.97
-1392.19
-1393.7
-1382.35
-1365.55
-1353.89
-1309.84
-1312.27
-1222.96
-1266.7
-1082.49
-1738.06
-1467.42
-784.452
-813.211
-837.581
-621.128
-4826.69
-5000
-5000
-4286.16
-1664.04
2183.08
3646.04
3442.15
2915.09
2987.44
2178.84
2927.96
-2291.6
-5000
-5000
1903.96
4919.78
4919.78
4919.78
4427.84
4252.11
1727.62
-5000
-5000
-2696.96
1973.59
4919.78
4919.78
4919.78
4586.93
4118
3284.88
3025.28
2318.4
2217.44
854.844
-826.229
1256.57
905.4
666.09
279.35
77.7301
-1970.71
-2123.89
-438.883
-122.679
-216.829
-461.134
-572.69
-711.19
-856.351
-833.797
-1563.68
-2278.89
-867.249
-873.455
-821.536
-1122.6
-2176.87
-1982.21
-1188.75
-503.819
-420.567
-452.052
-455.079
-466.431
-451.749
-455.533
-423.897
-424.352
-375.006
-377.731
-309.919
-322.331
-229.392
-265.72
-216.98
-2226.06
-5000
-5000
-5000
-5000
-963.064
4280.87
4919.78
4919.78
4919.78
4919.78
4919.78
4919.78
4331.73
3921.52
3276.4
2972.15
2340.2
2160.23
1502.69
1517.83
409.525
60.7771
612.961
425.115
-1151.67
-3750.02
-1295.77
-5000
-5000
-5000
-5000
-5000
-5000
-5000
-2694.54
4102.56
4919.78
4919.78
4919.78
4919.78
4919.78
4919.78
4919.78
2600.85
4919.78
4919.78
4919.78
3713.24
-5000
-5000
-5000
-1126.99
4919.78
4919.78
4919.78
4115.27
3211.92
1043.29
-2502.91
-2991.82
-4595.25
-5000
-5000
-5000
-5000
-4739.04
-2211.53
2554.38
3325.75
-21.4148
-3294.1
-5000
-5000
-5000
-5000
-5000
-3774.09
-1194.05
759.332
2390.15
3735.49
4597.98
4919.78
4859.24
4685.32
4725.13
4909.34
4677.6
4048.37
3338.61
2437.68
1435.33
597.976
322.792
128.286
-309.313
-620.371
-773.856
-632.026
-247.707
200.488
264.97
-156.282
-1223.87
-2223.19
-3046.32
-3399
-2618.71
-1409.59
-856.048
-823.201
-1692.5
-3429.12
-4989.71
-5000
-5000
-4082.42
-1687.5
951.567
3659.81
4919.78
4919.78
4919.78
4919.78
4919.78
3265.96
1357.38
367.445
470.071
856.358
1169.53
1101.27
-745.248
-5000
-5000
-5000
-5000
629.611
4919.78
4919.78
4919.78
4919.78
4599.19
1938.17
-2783.39
-5000
-5000
-5000
-5000
-5000
-2299.78
389.09
2156.44
3202.53
3637.41
3560.51
3619.85
3379.63
3036.79
2433.59
1854.32
1997.05
2286.62
2551.05
2471.28
2334.6
2336.42
2099.38
1557.03
839.556
152.808
10.2208
337.172
1079.02
1669.8
1904.57
2054.72
2491.72
2561.2
1642.86
1240.22
1773.79
4301.45
4919.78
4186.41
2907.52
1681.15
586.623
-332.472
-1268.37
-1879.43
-4204.72
-5000
-5000
-5000
-5000
-5000
-5000
-2065.77
-182.317
-734.047
-1016.04
-1428.97
-1599.41
-1899.42
-1931.05
-2200.94
-1969.04
-3678.72
-5000
-5000
-5000
-4285.25
-2879.81
-2171.12
-1986.6
-2017.03
-2103.46
-1512.52
-1106.56
-836.068
-392.867
-103.153
57.7497
286.313
647.775
1169.08
1531.15
2397.27
3243.25
3987.22
4639.45
4919.78
4919.78
4919.78
4919.78
4877.25
4729.97
4507.01
4257.71
3976.32
3846.45
3570.5
3678.13
3822.23
3761.07
3687.66
3723.84
3664.2
3339.82
2885.88
2267.09
1779.39
1387.8
1204.35
1076.75
1049.8
1155
1242.49
1232.5
1394.92
1264.74
908.882
76.6705
-1048.28
-2067.58
-2862.1
-3540.83
-3951.94
-3985.09
-4065.77
-3949.06
-3778.47
-3692.2
-3571.86
-3626.65
-3694.92
-3562.02
-3740.78
-3591.69
-3489.37
-3696.43
-3604.56
-3530.39
-3432.45
-3314.08
-3396.28
-3519.18
-3048.13
-2909.63
-2880.72
-2479.9
-2297.96
-2013.55
-1692.8
-1444.11
-1104.14
-771.434
-582.681
-409.064
-375.309
-221.672
95.7427
358.514
403.016
761.905
1098.39
1475.75
1975.71
2237.88
2727.24
3064.94
3217.67
3445.17
3646.64
3555.97
3583.98
3631.96
3423.83
3320.3
3231.9
3069.79
3082.8
2946.57
2865.9
3014.39
2975.33
3007.27
3042.84
2900.71
2835.62
2849.24
2593.44
2265.88
1910.93
1527.82
1274.89
831.988
399.686
433.895
513.967
449.183
324.608
122.989
-377.731
-1514.64
-2976.54
-4145.24
-4609.63
-4472.34
-3756.83
-2424.5
-962.61
596.311
1871.57
2725.58
3509.81
3106.72
1756.53
573.152
-442.364
-1350.71
-2129.79
-2781.27
-3307.57
-3857.94
-3938.92
-5000
-5000
-5000
-5000
-5000
-5000
-5000
-5000
-5000
-5000
-5000
-4889.65
-2076.36
828.355
3583.37
4919.78
4919.78
4919.78
4919.78
4919.78
4919.78
4919.78
4919.78
4919.78
3890.95
3027.86
1962.69
1254.6
1645.58
2584.05
3703.56
4919.78
4919.78
4919.78
4919.78
4919.78
4919.78
4815.04
3157.43
1176.19
-786.117
-2160.22
-2927.19
-3291.23
-3370.24
-2155.98
-750.394
943.091
3119.58
4730.73
4919.78
4919.78
4919.78
4919.78
4919.78
4919.78
3497.7
1864
181.719
-677.284
-1309.54
-2396.8
-3044.5
-3805.72
-4405.89
-4895.25
-5000
-5000
-5000
-5000
-5000
-5000
-5000
-5000
-5000
-5000
-5000
-5000
-5000
-5000
-5000
-3867.63
-2181.11
-163.548
4887.09
4919.78
4919.78
4919.78
4919.78
4919.78
4919.78
4919.78
4919.78
4919.78
3705.52
1745.03
-246.648
-1090.06
-1438.2
-1094.15
991.83
1893.52
2535.77
2548.48
1306.82
-601.904
-3206.46
-5000
-5000
-5000
-5000
-5000
-5000
-5000
-4524.56
-3033.6
-1716.11
-521.831
591.77
4919.78
4919.78
4919.78
4919.78
4919.78
4919.78
4919.78
4919.78
4919.78
2236.82
-1054.79
-3456.97
-4860.74
-5000
-5000
-4208.51
-3137.29
-1308.03
100.586
1461.97
2560.89
2127.08
1634.38
1103.08
64.1071
-867.098
-1588.81
-2334.74
-2850.9
-3403.69
-3721.26
-4146.29
-4263.45
-4581.17
-4535.61
-4782.64
-5000
-5000
-5000
-5000
-5000
-5000
-5000
-5000
-5000
-5000
-4033.53
-1629.08
1226.6
4919.78
4919.78
4919.78
4919.78
4919.78
4919.78
4919.78
4919.78
4919.78
4919.78
4617.96
2703.33
1705.37
1323.47
16.4268
1913.5
3741.85
4420.88
4607.82
4414.37
3411.12
620.226
-632.177
-4113.15
-5000
-5000
-5000
-5000
-5000
-5000
-5000
-5000
-3908.2
-2746.61
-1326.19
-601.904
1459.55
4919.78
4919.78
4919.78
4919.78
4919.78
4919.78
4919.78
4919.78
4919.78
4919.78
3928.79
748.131
-685.912
-2824.72
-3609.25
-3614.55
-4836.68
-4288.43
-3250.51
-2514.26
-2182.47
-948.684
217.138
1302.43
1790.29
1179.98
1191.18
1980.71
1669.65
436.771
-632.631
-1517.97
-2382.88
-2984.26
-3659.65
-4015.82
-4513.66
-4940.21
-5000
-5000
-5000
-5000
-5000
-5000
-5000
-5000
-5000
-5000
-3572.16
-1628.77
1398.55
4919.78
4919.78
4919.78
4919.78
4919.78
4919.78
4919.78
4919.78
4919.78
4866.65
2825.93
1291.69
1118.68
1147.43
1258.54
4156.9
4919.78
4919.78
4068.5
4417.1
1299.1
-1706.27
-4202
-5000
-5000
-5000
-5000
-5000
-5000
-5000
-4870.43
-3316.96
-1914.7
-691.059
422.391
1492.85
4919.78
4919.78
4919.78
4919.78
4919.78
4919.78
4919.78
4919.78
4919.78
4919.78
4919.78
3181.34
754.186
116.177
-1228.41
-1881.1
-3053.73
-3982.97
-3391.13
-2435.1
-2751.91
-2091.35
-274.348
454.026
1476.2
1207.98
1360.26
2645.81
3199.81
2484
1123.82
-158.098
-1184.82
-2205.93
-2958.68
-3728.52
-4254.22
-4801.1
-5000
-5000
-5000
-5000
-5000
-5000
-5000
-5000
-5000
-5000
-5000
-5000
-3097.63
-1217.36
4919.78
4919.78
4919.78
4919.78
4919.78
4919.78
4919.78
4919.78
4919.78
3870.66
2481.58
1872.63
1937.87
2332.48
2503.37
4594.95
4919.78
4919.78
4919.78
4919.78
2920.24
-790.809
-3307.42
-5000
-5000
-5000
-5000
-5000
-5000
-5000
-5000
-3407.63
-2161.43
-683.642
125.865
2524.26
4919.78
4919.78
4919.78
4919.78
4919.78
4919.78
4919.78
4919.78
4919.78
4919.78
4919.78
3832.52
1768.34
1803.91
1455.92
817.457
-553.467
-1578.37
-2157.65
-2177.63
-3004.24
-3949.52
-2546.81
-1557.78
-1065.84
-861.648
-124.495
1821.17
3265.2
3809.51
3559.91
2192.16
847.276
-343.825
-1366.45
-2309.62
-3036.18
-3790.13
-4213.5
-4867.71
-5000
-5000
-5000
-5000
-5000
-5000
-5000
-5000
-5000
-5000
-5000
-3236.58
-2006.73
3301.83
4919.78
4919.78
4919.78
4919.78
4919.78
4919.78
4919.78
4919.78
3343.61
1749.57
462.352
938.398
1196.63
2422.7
4414.22
4919.78
4919.78
4919.78
4919.78
4178.54
256.948
-3621.21
-5000
-5000
-5000
-5000
-5000
-5000
-5000
-5000
-3746.08
-2183.23
-1103.83
1177.1
4919.78
4919.78
4919.78
4919.78
4919.78
4919.78
4919.78
4919.78
4125.11
2239.39
656.554
818.516
1405.36
607.966
477.942
892.988
1001.97
736.93
-104.515
-1313.78
-2399.07
-2995.61
-4081.96
-4266.48
-3445.62
-2545.29
-1454.4
-698.173
1502.69
3500.27
4919.78
4919.78
4919.78
3935.45
2415.28
1138.35
-65.6137
-1074.02
-1991.45
-2769.01
-3430.03
-3963.29
-5000
-5000
-5000
-5000
-5000
-5000
-5000
-5000
-5000
-5000
-4856.96
-2897.83
-1200.86
4919.78
4919.78
4919.78
4919.78
4919.78
4919.78
4919.78
4919.78
4919.78
2653.68
1225.09
946.118
1255.51
1621.82
3078.87
4672.6
4919.78
4919.78
4340.35
3433.67
1809.51
-3310.6
-5000
-5000
-5000
-5000
-5000
-5000
-5000
-5000
-4548.93
-2993.19
-1514.34
-171.873
4713.17
4919.78
4919.78
4919.78
4919.78
4919.78
4919.78
4919.78
4919.78
2447.37
159.771
-486.26
750.099
1908.81
1550.07
1636.35
2858.18
2934.77
2347.92
941.426
-941.267
-1954.82
-2849.99
-4274.2
-4876.64
-4012.03
-2464.31
-1242.03
-341.1
2317.95
4919.78
4919.78
4919.78
4919.78
4919.78
4167.04
2495.35
1140.93
-224.094
-1241.58
-2367.89
-3036.63
-4016.73
-4392.57
-5000
-5000
-5000
-5000
-5000
-5000
-5000
-5000
-5000
-5000
-3971.01
-2740.1
1495.12
4919.78
4919.78
4919.78
4919.78
4919.78
4919.78
4919.78
4919.78
3477.57
1471.96
252.861
919.326
1129.88
2413.61
3709.61
4919.78
4919.78
4609.94
3074.93
1715.21
-3069.17
-5000
-5000
-5000
-5000
-5000
-5000
-5000
-5000
-4194.73
-2799.59
-1101.72
-318.547
4696.67
4919.78
4919.78
4919.78
4919.78
4919.78
4919.78
4755.55
2897.53
-49.7202
-2762.66
-3924.24
-2882.69
11.2803
1224.78
1624.39
3724.29
4919.78
4919.78
4919.78
3221.76
1185.13
296.908
-2426.17
-4134.94
-4505.64
-3656.02
-2364.11
-1340.87
1141.53
4683.5
4919.78
4919.78
4919.78
4919.78
4919.78
4802.47
2968.52
1282.6
-207.595
-1521.91
-2695.75
-3695.68
-4469.76
-5000
-5000
-5000
-5000
-5000
-5000
-5000
-5000
-5000
-5000
-5000
-4376.37
-2947.17
4148.57
4919.78
4919.78
4919.78
4919.78
4919.78
4919.78
4919.78
4431.02
2414.98
1018.32
940.82
1491.79
2221.38
3617.58
4919.78
4919.78
4788.4
3328.77
1542.65
-1796.79
-5000
-5000
-5000
-5000
-5000
-5000
-5000
-5000
-4381.82
-2871.64
-1270.34
-30.4967
1440.93
4919.78
4919.78
4919.78
4919.78
4919.78
4919.78
4919.78
4919.78
2501.41
100.132
-1470.59
-1826.15
-71.8197
2060.93
3164.69
3653
4373.35
4919.78
4919.78
3431.1
1294.56
-1170.59
-2505.33
-4448.12
-5000
-5000
-3594.11
-2249.98
-331.11
2623.26
4919.78
4919.78
4919.78
4919.78
4919.78
4919.78
4036.26
2366.24
720.28
-624.306
-1923.03
-2939.6
-3979.79
-4538.33
-5000
-5000
-5000
-5000
-5000
-5000
-5000
-5000
-5000
-5000
-5000
-4129.8
-3214.64
3554.91
4919.78
4919.78
4919.78
4919.78
4919.78
4919.78
4919.78
4919.78
3158.18
1770.16
1390.83
1566.87
2013.1
3409.45
4510.79
4919.78
4228.04
2986.99
1416.41
-2010.22
-5000
-5000
-5000
-5000
-5000
-5000
-5000
-5000
-4595.7
-3186.48
-1362.37
-439.034
2200.94
4919.78
4919.78
4919.78
4919.78
4919.78
4919.78
4919.78
4772.96
1383.11
-1453.19
-2350.64
-1988.87
-13.3924
1587.76
2841.37
4164.01
4919.78
4919.78
4919.78
4106.8
1852.2
-316.73
-2798.68
-4471.13
-4835.92
-5000
-3675.7
-2681.37
-442.97
3237.65
4919.78
4919.78
4919.78
4919.78
4919.78
4919.78
4460.69
2702.27
1051.32
-386.056
-1665.1
-2800.8
-3755.47
-4561.64
-5000
-5000
-5000
-5000
-5000
-5000
-5000
-5000
-5000
-5000
-5000
-4429.35
-3586.24
560.437
4919.78
4919.78
4919.78
4919.78
4919.78
4919.78
4919.78
4919.78
4919.78
2951.27
1988.88
2398.63
1961.33
2726.64
3622.88
4407.41
3454.41
2253.32
462.806
-2000.53
-5000
-5000
-5000
-5000
-5000
-5000
-5000
-5000
-5000
-3687.96
-2064.56
-569.814
592.072
4919.78
4919.78
4919.78
4919.78
4919.78
4919.78
4919.78
4919.78
4095.44
1312.27
378.646
-448.722
534.705
1872.02
2581.18
2935.83
3550.83
4023.7
3845.39
2918.12
923.262
-943.538
-2473.85
-3701.28
-3541.74
-3998.26
-2864.22
-1658.74
-183.679
2640.97
4919.78
4919.78
4919.78
4919.78
4919.78
4919.78
4919.78
3282.45
1662.84
56.6902
-1167.41
-2521.53
-3323.62
-4560.74
-4898.58
-5000
-5000
-5000
-5000
-5000
-5000
-5000
-5000
-5000
-5000
-5000
-4036.25
-463.253
4919.78
4919.78
4919.78
4919.78
4919.78
4919.78
4919.78
4919.78
3971.02
1816.17
-8.85138
305.839
-228.181
906.309
2159.62
3830.25
4711.05
3167.11
404.681
-1625.9
-5000
-5000
-5000
-5000
-5000
-5000
-5000
-5000
-4868.77
-3110.65
-1682.66
-72.8793
683.8
4434.5
4919.78
4919.78
4919.78
4919.78
4919.78
4919.78
4919.78
4041.71
1102.03
-545.293
-1459.85
-470.064
592.526
1354.05
2265.88
3250.97
4427.69
4716.04
3945.29
2440.56
270.722
-998.181
-2312.8
-2839.7
-3581.09
-2776.13
-1826.46
-384.24
2605.09
4919.78
4919.78
4919.78
4919.78
4919.78
4919.78
4919.78
3789.08
1951.34
257.856
-1198.44
-2543.48
-3647.85
-4653.98
-5000
-5000
-5000
-5000
-5000
-5000
-5000
-5000
-5000
-5000
-5000
-5000
-4601.3
1596.08
4919.78
4919.78
4919.78
4919.78
4919.78
4919.78
4919.78
4919.78
3238.41
1300.92
69.5563
349.281
501.253
1785.29
3184.52
4075.61
3042.09
2093.32
1019.98
-1608.79
-5000
-5000
-5000
-5000
-5000
-5000
-5000
-5000
-5000
-3298.64
-1563.53
-126.917
1391.59
4919.78
4919.78
4919.78
4919.78
4919.78
4919.78
4919.78
4919.78
4855
2129.2
759.332
-389.537
637.634
1384.93
1567.78
2187.17
2899.04
3496.34
3634.53
2622.95
1019.83
-489.893
-1579.28
-2491.26
-2597.06
-2950.5
-1877.32
-894.798
609.025
2911.61
4919.78
4919.78
4919.78
4919.78
4919.78
4919.78
4373.35
2609.63
945.21
-405.885
-1805.87
-2740.86
-4023.84
-4363.35
-5000
-5000
-5000
-5000
-5000
-5000
-5000
-5000
-5000
-5000
-5000
-4368.5
-1044.65
4919.78
4919.78
4919.78
4919.78
4919.78
4919.78
4919.78
4919.78
3397.8
1184.22
-384.996
-31.859
-428.287
913.726
2452.67
3948.16
4350.34
3398.55
1893.97
217.744
-4396.81
-5000
-5000
-5000
-5000
-5000
-5000
-5000
-5000
-3987.81
-2542.57
-780.819
164.463
4919.78
4919.78
4919.78
4919.78
4919.78
4919.78
4919.78
4919.78
4780.98
988.955
-1969.95
-2865.13
-1527.81
436.771
1115.8
1545.23
3777.73
4919.78
4919.78
4919.78
3308.34
1998.57
742.984
-1897.6
-3301.22
-3316.2
-2726.63
-2233.48
-1512.37
827.75
4540.46
4919.78
4919.78
4919.78
4919.78
4919.78
3958.15
2359.42
812.462
-440.85
-1700.37
-2612.35
-3650.42
-4539.7
-5000
-5000
-5000
-5000
-5000
-5000
-5000
-5000
-5000
-5000
-4528.65
-3683.11
2017.34
4919.78
4919.78
4919.78
4919.78
4919.78
4919.78
4919.78
4754.34
2154.02
425.57
-742.221
165.825
-53.353
1831.61
3403.4
4556.5
4398.78
3304.86
2021.12
-299.626
-5000
-5000
-5000
-5000
-5000
-5000
-5000
-5000
-5000
-3833.72
-2218.65
-849.085
909.336
4919.78
4919.78
4919.78
4919.78
4919.78
4919.78
4919.78
4671.39
1120.34
-2873.31
-5000
-5000
-4829.41
-2252.1
-48.8121
1805.88
4919.78
4919.78
4919.78
4919.78
4919.78
4913.27
2723.76
-935.818
-3907.44
-5000
-5000
-5000
-4936.27
-2436.46
2129.65
4919.78
4919.78
4919.78
4919.78
4919.78
4919.78
3282.91
1707.79
324.306
-948.381
-2019.15
-2959.13
-5000
-5000
-5000
-5000
-5000
-5000
-5000
-5000
-5000
-5000
-5000
-4135.4
-1969.04
4919.78
4919.78
4919.78
4919.78
4919.78
4919.78
4919.78
4746.62
1278.06
-494.283
-1229.32
-779.305
821.241
2020.97
4796.87
4919.78
4919.78
4919.78
3731.1
2817
-251.34
-5000
-5000
-5000
-5000
-5000
-5000
-5000
-5000
-5000
-3642.25
-1823.58
-871.185
4073.49
4919.78
4919.78
4919.78
4919.78
4919.78
4919.78
4919.78
1656.63
-3267.16
-5000
-5000
-5000
-5000
-4642.02
-1973.43
2119.51
4919.78
4919.78
4919.78
4919.78
4919.78
4919.78
3212.52
-483.536
-3549.46
-5000
-5000
-5000
-5000
-3143.65
1274.13
4919.78
4919.78
4919.78
4919.78
4919.78
4919.78
4724.37
2933.86
1423.22
-132.82
-1276.09
-2560.43
-4938.55
-5000
-5000
-5000
-5000
-5000
-5000
-5000
-5000
-5000
-5000
-4280.56
-1170.74
4919.78
4919.78
4919.78
4919.78
4919.78
4919.78
4919.78
4429.96
1063.43
-901.306
-1360.85
-686.064
1543.26
2593.13
4919.78
4919.78
4919.78
4612.36
3267.32
2280.86
-1522.36
-5000
-5000
-5000
-5000
-5000
-5000
-5000
-5000
-5000
-3502.53
-1554.6
-670.322
3694.63
4919.78
4919.78
4919.78
4919.78
4919.78
4919.78
4919.78
853.936
-3494.81
-5000
-5000
-5000
-4434.19
-3054.79
-2166.27
677.594
4919.78
4919.78
4919.78
4919.78
4919.78
4919.78
3914.26
121.626
-3208.73
-5000
-5000
-5000
-5000
-2269.2
2756.46
4919.78
4919.78
4919.78
4919.78
4919.78
4919.78
4919.78
3504.51
1671.46
-36.0973
-1484.97
-2866.49
-5000
-5000
-5000
-5000
-5000
-5000
-5000
-5000
-5000
-5000
-5000
-5000
-2418.3
4919.78
4919.78
4919.78
4919.78
4919.78
4919.78
4919.78
3394.77
113.452
-1325.28
-1761.37
-933.093
1140.47
2239.39
4919.78
4919.78
4919.78
4829.87
3657.39
2230.01
-1563.53
-5000
-5000
-5000
-5000
-5000
-5000
-5000
-5000
-4806.86
-3166.65
-1349.96
-74.5443
4919.78
4919.78
4919.78
4919.78
4919.78
4919.78
4919.78
4919.78
855.147
-3529.48
-5000
-5000
-5000
-5000
-3514.34
-827.894
3227.51
4919.78
4919.78
4919.78
4919.78
4919.78
4919.78
3133.36
-614.013
-3616.06
-5000
-5000
-5000
-5000
-1922.12
2798.23
4919.78
4919.78
4919.78
4919.78
4919.78
4919.78
4251.8
2633.09
881.03
-434.493
-1977.22
-2789.6
-5000
-5000
-5000
-5000
-5000
-5000
-5000
-5000
-5000
-5000
-5000
-4071.97
240.297
4919.78
4919.78
4919.78
4919.78
4919.78
4919.78
4919.78
3230.54
-144.93
-989.856
-1455.91
-445.391
1364.19
2807.77
4919.78
4919.78
4919.78
4079.7
3008.33
1498.15
-2679.41
-5000
-5000
-5000
-5000
-5000
-5000
-5000
-5000
-4844.55
-3015.74
-1549.61
817.457
4919.78
4919.78
4919.78
4919.78
4919.78
4919.78
4919.78
3374.49
-935.969
-5000
-5000
-5000
-5000
-4370.17
-2971.09
198.672
4466.44
4919.78
4919.78
4919.78
4919.78
4919.78
4919.78
1882.92
-1914.55
-5000
-5000
-5000
-5000
-5000
-1577.91
3601.38
4919.78
4919.78
4919.78
4919.78
4919.78
4919.78
4919.78
3186.34
1455.31
-132.366
-1517.97
-3060.09
-5000
-5000
-5000
-5000
-5000
-5000
-5000
-5000
-5000
-5000
-5000
-3533.56
837.891
4919.78
4919.78
4919.78
4919.78
4919.78
4919.78
4919.78
3238.41
178.994
-810.789
-834.403
600.398
2538.79
3646.94
4919.78
4919.78
4919.78
4079.7
2918.72
832.442
-3963.44
-5000
-5000
-5000
-5000
-5000
-5000
-5000
-5000
-4730.87
-2810.19
-1512.52
1553.4
4919.78
4919.78
4919.78
4919.78
4919.78
4919.78
4919.78
2912.36
-775.521
-4807.46
-5000
-5000
-5000
-4117.23
-1820.55
1750.63
4919.78
4919.78
4919.78
4919.78
4919.78
4919.78
4907.98
1360.56
-2509.57
-4894.95
-5000
-5000
-5000
-4469.76
-654.428
4125.41
4919.78
4919.78
4919.78
4919.78
4919.78
4919.78
4169.61
2445.55
774.015
-678.193
-2072.88
-3373.27
-5000
-5000
-5000
-5000
-5000
-5000
-5000
-5000
-5000
-5000
-5000
-3879.13
711.046
4919.78
4919.78
4919.78
4919.78
4919.78
4919.78
4919.78
3622.42
814.732
202.759
15.0645
1771.67
3013.63
4420.73
4919.78
4919.78
4919.78
4442.68
3278.07
1053.89
-3857.94
-5000
-5000
-5000
-5000
-5000
-5000
-5000
-5000
-4901.31
-2960.79
-1763.49
1975.86
4919.78
4919.78
4919.78
4919.78
4919.78
4919.78
4919.78
1920.46
-1483.46
-5000
-5000
-5000
-5000
-4190.04
-1978.43
1634.68
4919.78
4919.78
4919.78
4919.78
4919.78
4919.78
4642.48
574.817
-3135.17
-5000
-5000
-5000
-5000
-5000
-1185.27
3535.54
4919.78
4919.78
4919.78
4919.78
4919.78
4919.78
4905.1
3139.87
1378.42
-92.7082
-1614.85
-2585.71
-5000
-5000
-5000
-5000
-5000
-5000
-5000
-5000
-5000
-5000
-5000
-3903.2
-379.699
4919.78
4919.78
4919.78
4919.78
4919.78
4919.78
4919.78
4774.93
3350.87
1748.06
1623.63
2220.47
4218.35
4771.75
4919.78
4919.78
4919.78
4169.31
2846.97
945.664
-3168.17
-5000
-5000
-5000
-5000
-5000
-5000
-5000
-5000
-5000
-3659.96
-2138.88
-53.0503
4919.78
4919.78
4919.78
4919.78
4919.78
4919.78
4919.78
3475.45
-111.326
-2885.87
-5000
-5000
-5000
-3752.59
-672.895
2194.28
4699.39
4919.78
4919.78
4919.78
4919.78
4919.78
4578.3
1679.34
-2281.92
-5000
-5000
-5000
-5000
-5000
-2124.04
2601.76
4919.78
4919.78
4919.78
4919.78
4919.78
4919.78
4598.13
2778.71
1319.08
-220.915
-1343.3
-2579.05
-5000
-5000
-5000
-5000
-5000
-5000
-5000
-5000
-5000
-5000
-5000
-4465.68
-2202.15
3096.27
4919.78
4919.78
4919.78
4919.78
4919.78
4919.78
4919.78
4335.36
2262.7
2080.76
2244.84
3548.86
4111.03
4919.78
4919.78
4919.78
4772.96
3473.63
1527.36
-2370.77
-5000
-5000
-5000
-5000
-5000
-5000
-5000
-5000
-5000
-3956.33
-2388.63
-869.822
4881.64
4919.78
4919.78
4919.78
4919.78
4919.78
4919.78
4684.86
1464.85
-2219.71
-5000
-5000
-5000
-4715.43
-2392.11
275.414
3346.79
4919.78
4919.78
4919.78
4919.78
4919.78
4919.78
2603.88
-760.082
-3879.59
-5000
-5000
-5000
-5000
-3274.88
560.437
4629.77
4919.78
4919.78
4919.78
4919.78
4919.78
4675.93
3074.48
1451.83
232.88
-1137.44
-1926.21
-3639.82
-5000
-5000
-5000
-5000
-5000
-5000
-5000
-5000
-5000
-5000
-5000
-2777.94
495.047
4919.78
4919.78
4919.78
4919.78
4919.78
4919.78
4919.78
4919.78
3093.4
2332.63
2136.16
2707.57
3915.01
4622.95
4919.78
4919.78
4919.78
3839.48
2618.11
-442.97
-4214.86
-5000
-5000
-5000
-5000
-5000
-5000
-5000
-5000
-4750.85
-3046.32
-1888.06
1374.33
4919.78
4919.78
4919.78
4919.78
4919.78
4919.78
4919.78
2952.33
-505.181
-4127.22
-5000
-5000
-5000
-4003.25
-1692.8
1509.2
4919.78
4919.78
4919.78
4919.78
4919.78
4919.78
4493.38
1125.64
-2216.53
-4922.05
-5000
-5000
-5000
-5000
-1996.59
1911.23
4919.78
4919.78
4919.78
4919.78
4919.78
4919.78
4691.37
2924.32
1402.64
-11.7273
-1214.03
-2339.59
-5000
-5000
-5000
-5000
-5000
-5000
-5000
-5000
-5000
-5000
-5000
-4632.79
-2084.84
2268.45
4919.78
4919.78
4919.78
4919.78
4919.78
4919.78
4919.78
4788.7
2783.1
2403.62
2583.45
3859.61
4618.41
4919.78
4919.78
4919.78
4532.29
3510.26
1422.62
-1844.77
-5000
-5000
-5000
-5000
-5000
-5000
-5000
-5000
-5000
-4214.56
-2645.35
-1154.24
4535.31
4919.78
4919.78
4919.78
4919.78
4919.78
4919.78
4919.78
1227.36
-2082.27
-5000
-5000
-5000
-5000
-4134.49
-1039.81
2187.93
4919.78
4919.78
4919.78
4919.78
4919.78
4919.78
4413.46
960.952
-2596.46
-5000
-5000
-5000
-5000
-5000
-1687.81
2638.09
4919.78
4919.78
4919.78
4919.78
4919.78
4919.78
3913.5
2178.54
964.887
-497.007
-1405.81
-2681.83
-5000
-5000
-5000
-5000
-5000
-5000
-5000
-5000
-5000
-5000
-5000
-3148.49
581.779
4919.78
4919.78
4919.78
4919.78
4919.78
4919.78
4919.78
4919.78
2653.68
1615.46
1667.98
2221.53
3720.51
4602.22
4919.78
4919.78
4919.78
4622.8
3376.45
968.671
-2878.91
-5000
-5000
-5000
-5000
-5000
-5000
-5000
-5000
-5000
-3683.87
-2332.93
-318.395
4919.78
4919.78
4919.78
4919.78
4919.78
4919.78
4919.78
4919.78
818.668
-3014.53
-5000
-5000
-5000
-5000
-4612.2
-1640.12
2057.45
4919.78
4919.78
4919.78
4919.78
4919.78
4919.78
4028.69
1138.96
-2210.32
-4751.91
-5000
-5000
-5000
-4294.18
-1243.7
2683.04
4919.78
4919.78
4919.78
4919.78
4919.78
4919.78
4150.84
2351.1
958.076
-551.499
-1684.63
-2893.74
-5000
-5000
-5000
-5000
-5000
-5000
-5000
-5000
-5000
-5000
-5000
-3131.54
1435.18
4919.78
4919.78
4919.78
4919.78
4919.78
4919.78
4919.78
4525.32
2299.79
1366.01
1295.47
1981.77
3496.03
4617.81
4919.78
4919.78
4919.78
4384.25
3193.45
977.602
-3003.03
-5000
-5000
-5000
-5000
-5000
-5000
-5000
-5000
-5000
-3617.12
-2200.33
148.872
4919.78
4919.78
4919.78
4919.78
4919.78
4919.78
4919.78
4919.78
1110.5
-3149.4
-5000
-5000
-5000
-5000
-4855.14
-1949.67
1877.78
4919.78
4919.78
4919.78
4919.78
4919.78
4919.78
4371.38
1258.54
-2216.22
-4787.63
-5000
-5000
-5000
-4892.68
-1605.16
2235.61
4919.78
4919.78
4919.78
4919.78
4919.78
4919.78
4353.22
2577.85
1052.07
-435.704
-1654.96
-2838.49
-5000
-5000
-5000
-5000
-5000
-5000
-5000
-5000
-5000
-5000
-5000
-3087.94
1399.01
4919.78
4919.78
4919.78
4919.78
4919.78
4919.78
4919.78
4379.25
2245.45
1429.58
1273.98
2118.75
3873.39
4751.77
4919.78
4919.78
4919.78
4605.4
3446.69
1106.11
-2870.13
-5000
-5000
-5000
-5000
-5000
-5000
-5000
-5000
-5000
-3720.96
-2210.93
-558.916
4919.78
4919.78
4919.78
4919.78
4919.78
4919.78
4919.78
4919.78
1752.29
-2063.5
-5000
-5000
-5000
-5000
-3919.4
-1102.32
2054.57
4919.78
4919.78
4919.78
4919.78
4919.78
4919.78
3775.45
691.217
-2349.12
-4945.36
-5000
-5000
-5000
-4582.08
-1272.76
2516.69
4919.78
4919.78
4919.78
4919.78
4919.78
4919.78
3936.81
2313.26
888.901
-463.707
-1565.2
-2618.56
-5000
-5000
-5000
-5000
-5000
-5000
-5000
-5000
-5000
-5000
-5000
-3264.13
1376.91
4919.78
4919.78
4919.78
4919.78
4919.78
4919.78
4919.78
4743.14
2721.19
1793.47
1590.18
2201.09
3700.68
4646.87
4919.78
4919.78
4919.78
4153.72
3155.61
1240.07
-2540.3
-5000
-5000
-5000
-5000
-5000
-5000
-5000
-5000
-5000
-3908.04
-2395.74
-789.598
4741.78
4919.78
4919.78
4919.78
4919.78
4919.78
4919.78
4919.78
2063.35
-1155.3
-4480.51
-5000
-5000
-5000
-4729.81
-1665.25
806.256
4077.13
4919.78
4919.78
4919.78
4919.78
4919.78
4893.6
1736.85
-1750.62
-4572.54
-5000
-5000
-5000
-5000
-3196.17
1032.7
4855.91
4919.78
4919.78
4919.78
4919.78
4919.78
4790.97
3189.97
1621.97
310.834
-939.602
-1887.31
-3793.61
-5000
-5000
-5000
-5000
-5000
-5000
-5000
-5000
-5000
-5000
-4710.59
-1368.12
4223.5
4919.78
4919.78
4919.78
4919.78
4919.78
4919.78
4919.78
3782.87
2481.43
2167.79
1936.51
3267.47
4622.95
4919.78
4919.78
4919.78
4635.67
3419.29
2353.22
-515.171
-4809.88
-5000
-5000
-5000
-5000
-5000
-5000
-5000
-5000
-4923.56
-3148.34
-1998.26
947.934
4919.78
4919.78
4919.78
4919.78
4919.78
4919.78
4919.78
4919.78
1018.17
-2186.25
-5000
-5000
-5000
-5000
-3635.59
-1023.91
1177.56
4473.4
4919.78
4919.78
4919.78
4919.78
4919.78
3204.05
363.964
-2908.57
-5000
-5000
-5000
-5000
-4545.3
-1413.68
2887.69
4919.78
4919.78
4919.78
4919.78
4919.78
4919.78
4685.92
3085.53
1501.18
224.253
-1065.69
-1958.45
-4012.34
-5000
-5000
-5000
-5000
-5000
-5000
-5000
-5000
-5000
-5000
-4637.63
-1828.88
4281.77
4919.78
4919.78
4919.78
4919.78
4919.78
4919.78
4919.78
4442.68
3552.49
3086.44
2904.8
4222.14
4919.78
4919.78
4919.78
4919.78
3962.54
2828.96
1695.23
-1450.61
-5000
-5000
-5000
-5000
-5000
-5000
-5000
-5000
-5000
-4868.61
-3068.11
-1984.03
1299.71
4919.78
4919.78
4919.78
4919.78
4919.78
4919.78
4919.78
4919.78
1785.44
-2117.69
-5000
-5000
-5000
-5000
-5000
-2840.16
-193.972
3135.63
4919.78
4919.78
4919.78
4919.78
4919.78
3918.34
1699.62
-1216.9
-4007.95
-5000
-5000
-5000
-4645.95
-2050.63
1499.51
4919.78
4919.78
4919.78
4919.78
4919.78
4919.78
4919.78
3955.13
2257.71
839.253
-462.344
-1684.02
-2504.58
-5000
-5000
-5000
-5000
-5000
-5000
-5000
-5000
-5000
-5000
-5000
-3957.09
-246.95
4919.78
4919.78
4919.78
4919.78
4919.78
4919.78
4919.78
4919.78
4548.18
4164.62
3692.81
4197.01
4919.78
4919.78
4919.78
4919.78
3995.24
2789.46
1806.03
67.8913
-3899.27
-5000
-5000
-5000
-5000
-5000
-5000
-5000
-5000
-5000
-4018.54
-2476.57
-758.871
4919.78
4919.78
4919.78
4919.78
4919.78
4919.78
4919.78
4919.78
4463.26
608.269
-3506.92
-5000
-5000
-5000
-5000
-4315.37
-2087.71
1177.56
4261.34
4919.78
4919.78
4919.78
4919.78
4727.4
2391.82
14.6104
-2682.13
-4491.71
-5000
-5000
-5000
-3518.73
-324.904
3085.38
4919.78
4919.78
4919.78
4919.78
4919.78
4919.78
4919.78
3676.31
2015.07
567.551
-698.324
-1957.99
-2815.63
-5000
-5000
-5000
-5000
-5000
-5000
-5000
-5000
-5000
-5000
-5000
-4019.3
-663.813
4919.78
4919.78
4919.78
4919.78
4919.78
4919.78
4919.78
4919.78
4919.78
4919.78
4919.78
4919.78
4919.78
4919.78
4919.78
4919.78
3544.92
2304.02
1231.59
-1031.18
-5000
-5000
-5000
-5000
-5000
-5000
-5000
-5000
-5000
-5000
-4056.08
-2469.46
-751.151
4919.78
4919.78
4919.78
4919.78
4919.78
4919.78
4919.78
4919.78
4870.29
1409.45
-1575.04
-5000
-5000
-5000
-5000
-4404.83
-3159.99
-259.817
2649.74
4153.57
4919.78
4919.78
4919.78
4334
2574.52
59.7175
-1890.64
-3385.98
-4775.37
-5000
-4664.12
-2874.97
-44.7252
3048.44
4919.78
4919.78
4919.78
4919.78
4919.78
4919.78
4919.78
4919.78
3121.4
1352.08
-134.788
-1575.34
-2681.98
-4296
-5000
-5000
-5000
-5000
-5000
-5000
-5000
-5000
-5000
-5000
-5000
-4516.84
-2400.89
3002.28
4919.78
4919.78
4919.78
4919.78
4919.78
4919.78
4919.78
4919.78
4919.78
4919.78
4919.78
4919.78
4919.78
4761
3390.98
1964.36
996.22
-363.2
-3327.25
-5000
-5000
-5000
-5000
-5000
-5000
-5000
-5000
-5000
-5000
-3639.97
-2149.93
-45.3306
4919.78
4919.78
4919.78
4919.78
4919.78
4919.78
4919.78
4919.78
4919.78
2838.95
-313.097
-3430.48
-5000
-5000
-5000
-4516.08
-3057.52
-960.491
1686
3602.44
4341.11
4704.99
4770.23
3725.35
2183.69
-19.1443
-2108
-3365.25
-4739.2
-5000
-4778.7
-3199.8
-358.053
2847.43
4919.78
4919.78
4919.78
4919.78
4919.78
4919.78
4919.78
4755.55
2975.64
1329.98
-122.83
-1457.12
-2575.57
-3637.55
-5000
-5000
-5000
-5000
-5000
-5000
-5000
-5000
-5000
-5000
-5000
-4502.01
-3234.77
596.008
4919.78
4919.78
4919.78
4919.78
4919.78
4919.78
4919.78
4919.78
4919.78
4919.78
4919.78
4919.78
4919.78
4795.66
3471.81
2179.75
1117.92
5.37704
-2879.06
-5000
-5000
-5000
-5000
-5000
-5000
-5000
-5000
-5000
-5000
-3951.64
-2407.55
-775.672
4055.03
4919.78
4919.78
4919.78
4919.78
4919.78
4919.78
4919.78
4919.78
4000.54
1137.14
-1848.86
-4634.45
-5000
-5000
-4719.67
-3948.46
-2675.62
-210.017
1901.24
2665.34
2793.84
3216.16
3177.26
2096.05
282.377
-1655.56
-2530.61
-3263.68
-4086.66
-4095.44
-2934.46
-640.502
2153.72
4884.51
4919.78
4919.78
4919.78
4919.78
4919.78
4919.78
4919.78
3901.69
2189.89
709.23
-617.798
-1762.58
-2897.98
-3509.65
-5000
-5000
-5000
-5000
-5000
-5000
-5000
-5000
-5000
-5000
-5000
-4956.1
-3345.87
-1936.35
3323.17
4919.78
4919.78
4919.78
4919.78
4919.78
4919.78
4919.78
4919.78
4919.78
4919.78
4919.78
4919.78
3837.51
2550.6
1497.24
548.479
-907.058
-3795.58
-5000
-5000
-5000
-5000
-5000
-5000
-5000
-5000
-5000
-5000
-3953.45
-2285.55
-1008.32
2302.96
4919.78
4919.78
4919.78
4919.78
4919.78
4919.78
4919.78
4919.78
4919.78
4020.67
581.931
-3035.42
-4980.32
-5000
-5000
-5000
-5000
-3627.87
-1339.51
261.943
1467.27
2242.57
3134.42
3117.16
1929.24
903.433
29.2929
-941.873
-2144.02
-2928.86
-2862.1
-1775.29
113.452
2142.67
4593.59
4919.78
4919.78
4919.78
4919.78
4919.78
4919.78
4693.34
3044.66
1401.73
46.0945
-1219.78
-2275.41
-3340.88
-3860.97
-5000
-5000
-5000
-5000
-5000
-5000
-5000
-5000
-5000
-5000
-5000
-4667.6
-3222.66
-1091.73
4768.11
4919.78
4919.78
4919.78
4919.78
4919.78
4919.78
4919.78
4919.78
4919.78
4919.78
4919.78
4552.11
3445.32
2224.1
1262.47
344.286
-1027.09
-4089.38
-5000
-5000
-5000
-5000
-5000
-5000
-5000
-5000
-5000
-5000
-3573.98
-1979.49
-642.924
2948.54
4919.78
4919.78
4919.78
4919.78
4919.78
4919.78
4919.78
4919.78
4919.78
4397.87
1360.26
-1575.79
-3928.48
-5000
-5000
-5000
-5000
-5000
-3565.35
-2017.93
-930.671
-357.902
431.927
1082.2
1191.48
899.951
223.496
-48.5093
-326.872
-958.826
-1038.44
-248.615
1016.05
2396.96
3904.12
4919.78
4919.78
4919.78
4919.78
4919.78
4919.78
4919.78
3932.27
2221.08
788.848
-612.5
-1775.75
-2779.61
-3788.92
-4308.71
-5000
-5000
-5000
-5000
-5000
-5000
-5000
-5000
-5000
-5000
-5000
-5000
-3700.37
-2318.85
1837.21
4919.78
4919.78
4919.78
4919.78
4919.78
4919.78
4919.78
4919.78
4919.78
4919.78
4919.78
4919.78
3568.23
2124.35
946.269
-386.813
-1944.37
-3791.04
-5000
-5000
-5000
-5000
-5000
-5000
-5000
-5000
-5000
-5000
-3590.93
-1903.35
-671.23
1090.22
4919.78
4919.78
4919.78
4919.78
4919.78
4919.78
4919.78
4919.78
4919.78
4919.78
3656.78
-103.153
-3263.38
-5000
-5000
-5000
-5000
-5000
-5000
-5000
-3870.35
-2188.68
-783.998
880.728
1903.81
2419.67
2555.14
2229.7
1710.82
967.915
279.501
-186.707
140.547
615.383
1293.96
2709.69
4543.64
4919.78
4919.78
4919.78
4919.78
4919.78
4919.78
4919.78
3113.68
1476.05
-12.9383
-1277.3
-2461.89
-3444.71
-4327.63
-4916.14
-5000
-5000
-5000
-5000
-5000
-5000
-5000
-5000
-5000
-5000
-5000
-5000
-3653.14
-1752.89
2771.44
4919.78
4919.78
4919.78
4919.78
4919.78
4919.78
4919.78
4919.78
4919.78
4919.78
4919.78
4919.78
3453.95
1625
340.653
-1132.29
-2919.17
-4496.4
-5000
-5000
-5000
-5000
-5000
-5000
-5000
-5000
-5000
-4303.56
-2620.98
-1109.43
52.7547
3271.71
4919.78
4919.78
4919.78
4919.78
4919.78
4919.78
4919.78
4919.78
4919.78
4919.78
2892.69
-504.122
-2846.97
-5000
-5000
-5000
-5000
-5000
-5000
-5000
-5000
-4554.53
-3237.04
-1295.77
166.431
1659.81
2166.43
1935.6
2775.98
2811.4
1875.2
1549.31
1602.14
1836.15
2194.74
2475.22
3633.47
4919.78
4919.78
4919.78
4919.78
4919.78
4919.78
4919.78
3821.62
2088.48
602.819
-711.796
-1916.97
-2961.4
-3776.05
-4663.82
-5000
-5000
-5000
-5000
-5000
-5000
-5000
-5000
-5000
-5000
-5000
-5000
-5000
-3812.23
-2037.31
3120.95
4919.78
4919.78
4919.78
4919.78
4919.78
4919.78
4919.78
4919.78
4919.78
4919.78
4919.78
4039.74
2833.81
1270.65
-421.022
-1360.7
-2438.58
-3491.48
-4975.02
-5000
-5000
-5000
-5000
-5000
-5000
-5000
-5000
-4346.85
-2724.51
-1198.74
-62.5864
2586.02
4919.78
4919.78
4919.78
4919.78
4919.78
4919.78
4919.78
4919.78
4919.78
4919.78
3596.09
496.409
-3219.33
-5000
-5000
-5000
-5000
-5000
-5000
-5000
-5000
-5000
-5000
-4190.34
-2183.38
-307.497
1199.05
2920.39
4874.98
4919.78
4718.16
4919.78
4613.72
4563.47
3951.49
2925.68
3093.85
3822.08
4587.99
4919.78
4919.78
4919.78
4919.78
4919.78
4919.78
4061.39
2307.81
782.642
-645.8
-1809.81
-2924.01
-3824.64
-4624.91
-5000
-5000
-5000
-5000
-5000
-5000
-5000
-5000
-5000
-5000
-5000
-5000
-5000
-5000
-3722.17
-2567.24
2283.44
4919.78
4919.78
4919.78
4919.78
4919.78
4919.78
4919.78
4919.78
4919.78
4919.78
4919.78
4919.78
3155.76
1599.41
-752.211
-1930.6
-2066.07
-3065.09
-4532.58
-5000
-5000
-5000
-5000
-5000
-5000
-5000
-5000
-4180.96
-2642.32
-1210.4
61.8366
2823.66
4919.78
4919.78
4919.78
4919.78
4919.78
4919.78
4919.78
4919.78
4919.78
4919.78
4497.62
1606.98
-1746.08
-4758.57
-5000
-5000
-5000
-5000
-5000
-5000
-5000
-5000
-5000
-5000
-4480.21
-3537.5
-1804.21
1137.75
3706.73
4919.78
4919.78
4919.78
4919.78
4919.78
4919.78
4081.67
2569.07
1484.38
1361.62
1618.94
1788.92
2425.12
3705.07
4919.78
4919.78
4919.78
4919.78
3595.48
1954.07
579.055
-794.139
-1814.04
-2891.47
-3616.06
-4496.4
-4843.79
-5000
-5000
-5000
-5000
-5000
-5000
-5000
-5000
-5000
-5000
-5000
-5000
-5000
-5000
-3123.06
-1799.21
3571.87
4919.78
4919.78
4919.78
4919.78
4919.78
4919.78
4919.78
4919.78
4919.78
4919.78
4919.78
3770.46
2331.42
1342.24
-1018.01
-2292.51
-2043.82
-2599.94
-2921.44
-4195.49
-5000
-5000
-5000
-5000
-5000
-5000
-5000
-4670.02
-3056
-1752.44
-300.534
2358.52
4919.78
4919.78
4919.78
4919.78
4919.78
4919.78
4919.78
4919.78
4919.78
4919.78
4253.92
1314.85
-2475.36
-5000
-5000
-5000
-5000
-5000
-5000
-5000
-5000
-5000
-5000
-5000
-5000
-4854.99
-3801.79
-1765.15
1356.17
4023.09
4919.78
4919.78
4919.78
4919.78
4919.78
4919.78
4123.75
3279.88
2408.92
1129.27
182.324
420.423
1157.58
1904.72
2599.04
3564.9
4753.43
4919.78
4421.33
3525.85
2208.36
756.002
-384.996
-1905.02
-3412.17
-3861.12
-3814.95
-3935.9
-4546.66
-4879.66
-5000
-5000
-5000
-5000
-5000
-5000
-5000
-5000
-5000
-5000
-5000
-5000
-5000
-3701.43
-2188.83
3861.13
4919.78
4919.78
4919.78
4919.78
4919.78
4919.78
4919.78
4919.78
4919.78
4919.78
3706.89
2217.59
1458.64
1337.1
179.751
390.453
1800.43
1909.72
1946.04
792.935
-1901.08
-3690.99
-5000
-5000
-5000
-5000
-5000
-5000
-4584.05
-3015.29
-1845.07
444.036
4919.78
4919.78
4919.78
4919.78
4919.78
4919.78
4919.78
4919.78
4919.78
4523.05
2192.62
-1255.5
-4683.95
-5000
-5000
-5000
-5000
-5000
-5000
-5000
-5000
-5000
-5000
-5000
-5000
-5000
-5000
-5000
-3957.69
-3004.99
-1320.74
2432.53
4919.78
4919.78
4919.78
4919.78
4919.78
4919.78
4919.78
4041.86
1397.64
-477.178
-1930.9
-2864.98
-3037.39
-1730.49
102.251
1575.8
2444.34
3309.7
4144.49
4400.9
3576.41
1804.36
97.4077
-1328.01
-2815.33
-3934.38
-4183.53
-3975.4
-2393.47
-2188.37
-2768.26
-3328.77
-3527.66
-3529.17
-5000
-5000
-5000
-5000
-5000
-5000
-5000
-5000
-5000
-5000
-4096.04
-2686.37
2183.54
4919.78
4919.78
4919.78
4919.78
4919.78
4919.78
4919.78
4919.78
4919.78
4919.78
3473.63
2205.79
1914.56
2284.95
1543.56
1787.11
3552.79
3770.76
3258.84
2417.4
-406.036
-2349.88
-4381.82
-5000
-5000
-5000
-5000
-5000
-5000
-4685.16
-3376.75
-1527.51
3186.94
4919.78
4919.78
4919.78
4919.78
4919.78
4919.78
4919.78
4919.78
3936.66
1659.05
-1318.32
-4231.67
-5000
-4932.34
-4498.07
-4436.01
-4141.3
-3447.59
-2998.18
-3331.79
-5000
-5000
-5000
-5000
-5000
-5000
-5000
-5000
-5000
-4032.77
-3023.91
869.073
4919.78
4919.78
4919.78
4919.78
4919.78
4919.78
4919.78
4262.25
1908.5
-699.384
-3239.46
-4427.84
-3918.03
-2952.47
-2025.65
-676.225
1273.83
3091.13
4120.57
3989.49
3438.51
2851.36
1458.95
-140.237
-1751.08
-3042.68
-3237.04
-3510.56
-2789.75
-1602.74
801.563
2382.28
1367.22
517.449
-154.466
-894.041
-1282.9
-1943.46
-4194.28
-5000
-5000
-5000
-5000
-5000
-5000
-5000
-5000
-4414.36
-2956.1
2798.69
4919.78
4919.78
4919.78
4919.78
4919.78
4919.78
4919.78
4919.78
4919.78
3426.56
873.159
1061.91
3092.64
4919.78
4919.78
4919.78
4919.78
4919.78
4919.78
4461.29
260.732
-4697.42
-5000
-5000
-5000
-5000
-5000
-5000
-5000
-5000
-4220.46
-677.739
4688.5
4919.78
4919.78
4919.78
4919.78
4919.78
4919.78
4919.78
2249.08
18.0918
-1036.33
-2779.91
-4082.72
-3903.81
-1960.72
-12.1814
857.115
1115.19
1416.41
699.845
-1220.39
-4189.28
-5000
-5000
-5000
-5000
-5000
-5000
-5000
-5000
-5000
-4078.18
-1840.68
3965.57
4919.78
4919.78
4919.78
4919.78
4919.78
4919.78
4919.78
2887.54
-383.937
-3709.91
-5000
-4985.77
-4018.24
-3089.76
-1828.27
302.357
2481.88
3904.12
4318.1
4082.12
3560.82
2499.44
506.702
-871.941
-1935.59
-2392.72
-2514.87
-2620.37
-1584.42
592.829
2926.74
4864.53
4919.78
3671.47
2539.4
1506.17
581.174
-168.694
-927.947
-1440.17
-2137.97
-5000
-5000
-5000
-5000
-5000
-5000
-5000
-5000
-5000
-4335.2
-2780.06
967.461
4919.78
4919.78
4919.78
4919.78
4919.78
4919.78
4919.78
4919.78
4919.78
4919.78
4919.78
4919.78
4919.78
4919.78
4919.78
4919.78
4919.78
4242.42
3104.9
561.951
-4884.51
-5000
-5000
-5000
-5000
-5000
-5000
-5000
-5000
-5000
-3925.91
659.582
4919.78
4919.78
4919.78
4919.78
4919.78
4919.78
4919.78
4919.78
3896.09
2516.09
3542.05
4280.11
4031.57
4324.31
4892.54
4661.7
3897.46
2009.16
-319.758
-3024.97
-5000
-5000
-5000
-5000
-5000
-5000
-5000
-5000
-5000
-5000
-4679.41
-3525.09
-1192.23
3660.57
4919.78
4919.78
4919.78
4919.78
4919.78
4919.78
4919.78
4919.78
4026.27
2220.62
662.76
449.334
691.671
628.098
249.379
261.035
570.73
218.501
-506.392
-800.042
-668.202
-1053.73
-1929.84
-2291.15
-1867.33
-1104.44
-55.7749
468.103
1180.28
2639.15
3918.5
4919.78
4919.78
4919.78
4276.02
2912.82
1812.24
689.855
-139.934
-1040.26
-1578.22
-2435.86
-2410.28
-5000
-5000
-5000
-5000
-5000
-5000
-5000
-5000
-5000
-5000
-4101.64
-2621.13
791.27
4919.78
4919.78
4919.78
4919.78
4919.78
4919.78
4919.78
4919.78
4919.78
4919.78
4919.78
4919.78
4919.78
4919.78
4919.78
4919.78
4385.31
3201.47
1300.92
-3981.76
-5000
-5000
-5000
-5000
-5000
-5000
-5000
-5000
-5000
-4934.16
-2118.74
2734.21
4919.78
4919.78
4919.78
4919.78
4919.78
4919.78
4919.78
4919.78
4919.78
4919.78
4919.78
4919.78
4919.78
4919.78
4565.59
3037.24
1205.71
-1303.79
-3785.44
-5000
-5000
-5000
-5000
-5000
-5000
-5000
-5000
-5000
-5000
-5000
-3852.64
-1780.59
1831.46
3901.69
4919.78
4919.78
4919.78
4919.78
4919.78
4919.78
4919.78
4919.78
4919.78
4919.78
4866.96
3496.64
1960.12
669.875
-482.022
-1739.88
-3220.39
-4845.61
-5000
-4955.2
-4543.33
-4246.5
-3732.46
-2822.45
-1288.96
121.172
1151.07
2341.87
3005.91
3721.72
4001.14
4363.97
4919.78
4919.78
4919.78
4919.78
4535.77
3120.04
1875.96
866.802
-211.833
-890.559
-1815.41
-2180.65
-3082.04
-2833.95
-5000
-5000
-5000
-5000
-5000
-5000
-5000
-5000
-5000
-5000
-3468.93
-1870.66
2935.37
4919.78
4919.78
4919.78
4919.78
4919.78
4919.78
4919.78
4919.78
4919.78
4919.78
4919.78
4919.78
4919.78
4919.78
4919.78
4294.49
3016.81
2096.96
-857.713
-5000
-5000
-5000
-5000
-5000
-5000
-5000
-5000
-5000
-4792.93
-3463.63
689.552
4919.78
4919.78
4919.78
4919.78
4919.78
4919.78
4919.78
4919.78
4919.78
4919.78
4919.78
4919.78
4919.78
4919.78
4133.13
2679.71
1401.73
-342.917
-3744.11
-5000
-5000
-5000
-5000
-5000
-5000
-5000
-5000
-5000
-5000
-5000
-3919.55
-393.019
3449.26
4852.27
4919.78
4919.78
4919.78
4919.78
4919.78
4919.78
4919.78
4919.78
4919.78
4919.78
4919.78
4919.78
4919.78
3362.22
1723.69
111.485
-2230.45
-4769.47
-5000
-5000
-5000
-5000
-5000
-5000
-3354.5
-1659.95
-176.414
1323.63
3102.48
4082.58
4355.19
4515.79
4919.78
4919.78
4919.78
4919.78
4919.78
4919.78
4919.78
3628.33
2356.4
1166.96
96.4995
-802.162
-1605.16
-2326.27
-2839.85
-3421.25
-4302.35
-5000
-5000
-5000
-5000
-5000
-5000
-5000
-5000
-5000
-5000
-4323.85
-2512.3
-615.981
4919.78
4919.78
4919.78
4919.78
4919.78
4919.78
4919.78
4919.78
4919.78
4919.78
4919.78
4919.78
4919.78
4919.78
4919.78
3948.31
2903.43
866.651
-2627.03
-5000
-5000
-5000
-5000
-5000
-5000
-5000
-5000
-5000
-4515.78
-3093.54
338.534
4902.98
4919.78
4919.78
4919.78
4919.78
4919.78
4919.78
4919.78
4919.78
4919.78
4919.78
4919.78
4919.78
4919.78
3629.23
2183.69
745.558
-2126.62
-5000
-5000
-5000
-5000
-5000
-5000
-5000
-5000
-5000
-5000
-5000
-3201.77
-1577.01
540.457
3150.16
4450.7
4898.74
4834.26
4919.78
4919.78
4919.78
4919.78
4919.78
4919.78
4919.78
4919.78
4919.78
4919.78
3539.17
851.363
-1347.38
-2577.69
-3608.04
-4883.3
-5000
-5000
-5000
-5000
-4783.09
-3552.64
-2106.18
-1555.81
-1505.56
-1255.65
-409.215
815.035
2037.77
2928.71
4070.01
4919.78
4919.78
4919.78
4919.78
4919.78
4919.78
4919.78
4919.78
4035.35
2551.66
1291.38
135.703
-871.185
-1729.28
-2536.36
-3088.55
-3780.9
-3984.03
-4713.77
-4383.79
-5000
-5000
-5000
-5000
-5000
-5000
-5000
-5000
-5000
-5000
-5000
-3753.35
-2136.76
1312.73
4919.78
4919.78
4919.78
4919.78
4919.78
4919.78
4919.78
4919.78
4919.78
4919.78
4919.78
4919.78
4919.78
4919.78
4919.78
4187.93
2338.69
-510.63
-4157.8
-5000
-5000
-5000
-5000
-5000
-5000
-5000
-5000
-4092.56
-1173.61
1590.79
4919.78
4919.78
4919.78
4919.78
4919.78
4919.78
4919.78
4919.78
4911
4919.78
4919.78
4919.78
4919.78
4919.78
4919.78
3341.03
1958.3
-1590.63
-5000
-5000
-5000
-5000
-5000
-5000
-5000
-5000
-5000
-5000
-2497.92
333.69
1967.84
2483.54
2668.67
2718.31
2160.07
1848.56
2231.07
2748.89
3322.11
4137.52
4919.78
4919.78
4919.78
4919.78
4741.47
3000.46
1446.23
-1087.49
-4030.5
-5000
-5000
-5000
-5000
-4807.92
-2024.75
-197.151
82.2711
396.356
977.299
1268.38
409.979
-894.041
-1702.03
-1815.41
-1479.98
-293.117
1798.31
4326.73
4919.78
4919.78
4919.78
4919.78
4919.78
4919.78
4919.78
4431.78
2376.98
734.659
-936.575
-2263.15
-2539.39
-1827.82
-2200.33
-1780.44
-1321.65
-1657.38
-2687.43
-2710.74
-3852.04
-3129.72
-5000
-5000
-5000
-5000
-5000
-5000
-5000
-5000
-5000
-5000
-5000
-408.004
4863.63
4275.72
4919.78
4919.78
4919.78
4919.78
4919.78
4919.78
4919.78
4919.78
4919.78
4919.78
4919.78
4919.78
4919.78
4919.78
4919.78
4919.78
2117.99
-3168.77
-5000
-5000
-5000
-5000
-5000
-5000
-5000
-5000
-3635.28
2116.78
4546.21
3120.64
3552.64
4789.31
3878.38
2648.53
2316.13
4108.76
4919.78
4919.78
4919.78
4919.78
4919.78
4919.78
4919.78
4919.78
4908.28
1962.09
-3100.96
-5000
-5000
-5000
-5000
-5000
-5000
-5000
-5000
-5000
-5000
-4141.75
-3767.58
-4343.37
-4773.71
-4941.57
-4498.22
-3204.49
-2033.68
-94.9787
3622.42
4919.78
4919.78
4919.78
4919.78
4919.78
4919.78
3254.45
-102.698
-2737.08
-4319.46
-5000
-5000
-5000
-3750.32
-2326.12
-1637.4
-451.749
1333.62
2181.27
1206.47
-111.024
-827.591
-1285.47
-1961.63
-2256.03
-859.681
1110.96
2622.65
3765.31
4919.78
4919.78
4919.78
4919.78
4919.78
4919.78
4335.06
3540.69
2413.76
2067.14
2648.53
2852.27
2599.64
2391.51
2555.14
2773.26
1508.9
-106.937
-1284.87
-2141.15
-2681.98
-3593.2
-3936.05
-3030.88
-2958.22
-1684.32
-1529.32
-2171.12
-2637.63
-5000
-5000
-5000
-5000
-5000
-5000
-5000
-5000
-5000
-5000
-2574.81
3742.61
4841.38
4919.78
4919.78
4919.78
4919.78
4919.78
4919.78
4919.78
4919.78
4919.78
4919.78
4919.78
4919.78
4919.78
4919.78
4919.78
4919.78
2338.69
-2373.65
-5000
-5000
-5000
-5000
-5000
-5000
-4337.17
-3589.57
-1015.89
2012.04
3069.79
1578.07
890.415
1458.19
181.416
-1439.41
-633.237
2478.7
4919.78
4919.78
4919.78
4919.78
4919.78
4919.78
4919.78
4919.78
2415.58
-1304.24
-5000
-5000
-5000
-5000
-5000
-5000
-5000
-5000
-4261.64
-4674.71
-5000
-5000
-5000
-5000
-5000
-5000
-4795.96
-1909.56
471.282
2797.93
4919.78
4919.78
4919.78
4919.78
4919.78
3552.19
1111.26
-903.426
-2352.76
-2537.73
-2036.55
-2558.77
-2207.14
-848.177
682.287
1363.43
431.927
-171.267
-798.377
-1622.87
-2266.18
-2334.14
-1415.95
-466.431
72.735
898.286
2487.63
3983.13
4725.73
4430.42
3693.26
3353.29
2948.69
2797.78
2785.82
3315.91
4126.02
4512.31
4680.17
4919.78
4919.78
4919.78
4037.32
2267.54
973.969
-167.029
-1392.64
-2232.87
-2660.48
-2376.22
-2434.34
-2046.24
-1290.01
157.651
176.421
-440.245
-1396.58
-1673.12
-2682.13
-2295.39
-5000
-5000
-5000
-5000
-5000
-5000
-5000
-5000
-5000
-5000
-3761.67
1406.42
3908.81
2585.41
4278.6
4919.78
4919.78
4324.16
4919.78
4919.78
4919.78
4919.78
4919.78
4919.78
4919.78
4919.78
4919.78
4919.78
4919.78
1545.23
-3120.18
-4256.64
-4317.19
-5000
-5000
-5000
-5000
-3496.48
-4231.82
-5000
-5000
-5000
-5000
-5000
-3778.78
132.373
1514.8
2753.43
4919.78
4919.78
4919.78
4919.78
4919.78
4919.78
4919.78
4437.68
1916.83
891.021
587.531
-881.629
-2457.35
-2797.62
-2737.08
-2946.87
-4138.42
-5000
-5000
-5000
-5000
-5000
-5000
-5000
-5000
-5000
-4246.5
-1554
929.77
2534.4
2842.43
2619.93
2523.96
2532.74
2336.87
2606
3287.45
3729.89
3834.34
3926.52
4111.79
4297.67
3469.69
1279.58
-996.062
-2740.56
-4054.11
-4940.36
-5000
-4359.72
-3384.01
-2365.17
-1093.69
188.076
1522.67
2101.8
1638.47
888.75
738.595
1030.13
1656.03
2539.4
3555.52
4663.22
4919.78
4919.78
4919.78
4919.78
4919.78
4919.78
3483.62
2642.48
2358.52
2073.95
2057.3
1938.17
1999.02
1654.36
1106.41
307.655
-367.589
-1420.19
-2595.7
-3545.37
-4506.24
-3201.92
-2924.01
-2023.54
-1170.13
-1076.13
-1699.61
-2041.85
-2900.85
-5000
-5000
-5000
-5000
-5000
-5000
-5000
-5000
-5000
-2036.7
2317.8
4919.78
4202.46
2909.79
4839.71
4269.06
705.143
4812.77
4919.78
4919.78
4919.78
4919.78
4919.78
4919.78
4919.78
4919.78
4919.78
4339.14
264.213
-4792.93
-5000
-2801.1
-3282.9
-4561.64
-3513.74
-2113.6
-1311.21
-3469.23
-5000
-5000
-5000
-5000
-5000
-5000
-40.3355
3529.79
4899.2
4919.78
4919.78
4919.78
4919.78
4919.78
4919.78
3271.41
1291.23
484.451
1406.42
2994.71
3224.18
1715.66
886.026
-4.00766
-2473.24
-5000
-5000
-5000
-5000
-5000
-5000
-5000
-5000
-4032.47
-2992.28
-2119.96
-1366.76
-1176.94
-1401.27
-1431.24
-1150
-426.622
1073.27
3315.3
4919.78
4919.78
4919.78
4919.78
4919.78
3236.29
1340.28
-901.458
-2580.71
-3480.59
-3812.68
-3579.58
-2601.91
-1308.94
-341.252
-314.762
-1024.82
-1983.73
-2543.78
-2603.12
-2362.6
-1699.01
-308.102
1168.78
2626.28
4176.27
4919.78
4919.78
4919.78
4470.68
3243.71
2538.04
2419.06
2431.02
2828.66
3400.67
3975.26
4100.74
4124.05
3766.98
2980.93
1552.79
32.4716
-1240.22
-1775.6
-1593.05
-1295.46
-829.256
-275.559
-65.311
126.47
149.629
209.116
39.7372
-0.677605
-590.703
-730.111
-601.601
-831.375
-2033.98
-1636.19
-4932.49
-5000
-5000
-5000
-5000
-5000
-5000
-5000
-5000
-5000
-3118.97
-397.408
1568.38
-447.056
-219.099
2275.87
1434.43
2263
4919.78
4919.78
4919.78
4919.78
4919.78
4919.78
4919.78
4919.78
4919.78
4919.78
3284.27
273.447
-1391.28
1103.99
1862.94
-1042.53
-3249.3
-3380.08
-4165.22
-5000
-5000
-5000
-5000
-5000
-5000
-5000
-1232.8
2991.23
3291.08
3494.97
4919.78
4919.78
4919.78
4777.95
4919.78
4919.78
4919.78
4919.78
4919.78
4919.78
4919.78
4893.29
1440.18
-1115.34
-3428.36
-5000
-5000
-5000
-5000
-5000
-5000
-5000
-5000
-5000
-5000
-5000
-5000
-5000
-5000
-3498.6
-745.702
1642.71
3762.89
4919.78
4919.78
4919.78
4919.78
4919.78
3415.35
2774.02
2720.74
2082.42
2122.08
1930.75
1484.38
240.903
-1095.21
-1616.51
-2746.31
-3852.34
-4643.68
-5000
-4909.48
-3628.77
-1958.3
-398.771
773.712
1260.96
1558.55
1600.17
1809.51
2204.88
2590.71
3166.36
3525.85
4379.86
4919.78
4919.78
4919.78
4919.78
4919.78
4909.04
3832.07
3166.21
2807.77
2236.67
1789.23
1391.13
985.624
766.9
320.521
-367.287
-1306.97
-2410.73
-3522.06
-3954.67
-3776.66
-3530.39
-2914.78
-2000.68
-2101.19
-2271.32
-2081.81
-2124.19
-1933.02
-2449.48
-1499.2
-3170.44
-5000
-5000
-5000
-5000
-5000
-5000
-5000
-5000
-5000
-2525.47
-1414.44
-43.6656
396.659
-169.754
1434.43
3539.32
3673.89
4919.78
4919.78
4919.78
4919.78
4919.78
4919.78
4919.78
4919.78
4919.78
4919.78
4256.35
3235.68
2147.51
1991.76
2592.68
1078.11
-1784.68
-3089.61
-3503.14
-4417.09
-5000
-5000
-5000
-4679.56
-4552.41
-3016.35
-865.887
420.12
936.582
368.656
568.913
1729.89
2286.01
2826.39
3791.95
4589.96
4694.25
4355.19
4322.64
4400.75
3540.69
2078.94
427.84
-1138.35
-1999.17
-2480.66
-3107.47
-3299.85
-3728.83
-4660.33
-5000
-5000
-5000
-5000
-5000
-5000
-5000
-4873.16
-3430.18
-2074.85
-967.453
-169.602
260.883
559.226
891.777
1403.4
2288.74
2824.87
2954.6
3215.25
3097.03
2783.85
2203.97
1043.9
-0.677605
-1662.53
-2802.77
-3152.42
-3604.71
-3103.68
-2490.95
-2193.37
-1859.15
-1481.95
-667.446
-68.1869
368.505
1037.24
1602.74
2153.87
2835.02
3596.24
4358.06
4725.88
4460.24
4191.86
3940.14
3644.67
3534.78
3488.31
3485.59
3463.34
3388.11
3421.71
3429.58
3189.06
2674.57
2035.95
1143.2
371.229
-82.264
-339.586
-634.599
-947.927
-951.409
-1310
-1570.34
-1524.94
-1615.45
-1704.91
-1876.86
-1709.6
-1670.55
-1986.45
-2089.83
-2026.11
-2472.49
-2885.41
-3399.76
-3382.65
-3238.4
-5000
-5000
-5000
-5000
-5000
-5000
-5000
-5000
-5000
-3690.38
-1504.35
-1029.82
394.842
1389.02
2423.75
4022.48
4850.15
4919.78
4919.78
4919.78
4919.78
4919.78
4919.78
4919.78
4919.78
4919.78
4919.78
4876.34
3480.74
2512.61
1769.7
1248.85
183.989
-1524.94
-3006.05
-3808.14
-4388.78
-5000
-4993.49
-4038.22
-3233.86
-2861.04
-2058.65
-813.665
46.8514
474.764
682.741
1026.34
1517.68
2054.12
2724.97
3519.04
4208.82
4343.68
3985.55
3401.73
2635.52
1788.32
735.265
-440.094
-1393.25
-2154.16
-2654.58
-3030.73
-3308.63
-3508.13
-3930.9
-4517.75
-5000
-5000
-5000
-5000
-4716.95
-4144.93
-3288.2
-2397.56
-1583.67
-738.739
60.7771
611.901
1008.33
1485.28
2012.19
2619.77
3221.45
3473.93
3504.51
2918.42
2040.04
1110.8
-189.129
-798.226
-1291.53
-1603.49
-1567.32
-1681.9
-1520.85
-1458.03
-1570.8
-1536.44
-1570.5
-1505.86
-1195.87
-715.277
58.6579
911.909
1545.07
1967.84
2082.88
2189.14
2154.47
2218.5
2488.54
2830.32
3254.45
3648.16
4058.96
4185.2
4182.02
3847.2
3211.92
2461.6
1775
1099.6
684.708
489.143
292.519
278.744
-161.58
-513.204
-836.522
-1137.89
-1551.12
-1977.37
-2064.1
-2014.45
-1727.77
-1354.35
-1192.38
-1183.3
-1138.65
-1394.91
-1056.15
-1599.41
-1040.87
-2052.75
-5000
-5000
-5000
-5000
-5000
-5000
-5000
-4745.86
-5000
-3763.49
-1779.53
-2435.1
-1510.56
-1178.61
32.1689
1980.25
3692.2
4919.78
4919.78
4919.78
4919.78
4919.78
4919.78
4919.78
4919.78
4919.78
4919.78
4919.78
4919.78
4672.15
4151.9
3402.03
2022.03
-613.862
-3740.94
-5000
-5000
-5000
-5000
-4718.16
-4295.39
-4366.38
-4348.22
-3964.5
-3494.81
-3133.96
-2853.93
-2152.8
-1077.65
346.708
2436.32
4493.38
4919.78
4919.78
4919.78
4295.4
3495.28
2920.69
2509.13
2230.91
1722.17
975.332
376.83
-279.948
-1049.19
-2037.76
-3578.37
-5000
-5000
-5000
-5000
-5000
-5000
-5000
-5000
-5000
-5000
-4470.07
-3964.35
-3487.55
-2600.69
-1803.45
-809.124
826.236
2343.83
3729.29
4302.97
4102.71
3892.91
3495.73
3225.09
3410.81
3463.64
3175.74
2734.51
2274.66
2034.44
1795.43
1468.48
1108.69
503.372
-241.804
-655.79
-546.958
-234.841
111.485
293.124
254.829
35.8016
-161.883
-37.7623
270.722
566.037
792.784
1095.21
1498.45
2070.16
2804.14
3500.88
3811.33
3820.41
3452.44
3093.4
2884.82
2733.45
2497.47
2192.16
1832.37
1316.51
858.326
235
-152.952
-649.13
-1295.46
-1988.72
-2342.62
-2302.05
-2279.65
-2381.06
-2589.64
-3154.39
-3868.54
-4345.95
-4450.54
-4022.63
-4077.73
-5000
-5000
-5000
-5000
-5000
-5000
-5000
-4239.23
-4308.71
-2752.21
-1278.36
-698.93
871.797
996.826
1384.47
2718.01
3777.12
4919.78
4919.78
4919.78
4919.78
4919.78
4919.78
4919.78
4919.78
4919.78
4919.78
4919.78
4919.78
4677.75
3546.44
2503.98
1801.79
318.402
-1628.02
-3337.85
-5000
-5000
-5000
-4166.73
-2984.56
-2525.47
-2955.35
-3161.96
-3160.75
-3072.35
-2336.71
-1435.02
-572.539
495.047
1432.76
2580.87
3889.43
4439.2
4444.34
4077.73
3184.37
2366.69
1954.97
1881.11
2241.21
2365.48
1850.68
1056.92
-152.649
-1519.03
-2587.53
-3586.39
-4516.99
-5000
-5000
-5000
-5000
-5000
-4881.18
-4716.34
-5000
-5000
-5000
-5000
-4472.34
-3232.35
-1931.05
-682.582
255.737
1056.16
1771.97
2239.54
2533.95
2474.31
2093.47
1792.56
1701.74
1925.46
2463.72
2946.12
3141.68
2869.53
2208.06
1571.26
1122.76
900.405
968.369
1160.45
1313.63
1373.42
1368.43
1381.9
1341.49
1123.22
781.886
442.825
205.029
198.672
467.801
944.604
1504.81
1922.28
2068.95
2027.63
1918.95
1869.6
1846.29
1774.39
1794.68
1823.59
1709.15
1502.99
1224.93
959.892
639.601
127.378
-316.882
-588.13
-866.795
-1115.64
-1332.55
-1394.76
-1297.58
-1328.92
-1474.38
-1715.2
-1911.68
-2065.46
-2244.53
-2189.13
-2161.88
-2267.23
-2420.57
-2685.31
-2652.46
-2516.38
-2980.93
-3707.94
-4853.93
-5000
-5000
-5000
-4743.43
-2974.87
-1949.06
-1472.71
-1608.79
-2038.82
-1946.04
-1559.14
-819.417
192.617
952.778
1839.63
2909.49
3928.18
4919.78
4919.78
4919.78
4919.78
4812.01
4357.46
4169.31
4230.76
4463.11
4744.05
4869.83
4663.07
4083.79
3155.61
2068.5
1156.21
519.265
235.302
252.104
287.07
283.891
176.572
-12.4842
-132.215
-297.507
-566.636
-906.15
-1292.59
-1587
-1671.91
-1530.99
-1192.38
-816.844
-603.115
-589.492
-736.469
-977.141
-1222.66
-1418.22
-1497.69
-1425.34
-1270.03
-1109.28
-976.838
-936.575
-1004.84
-1140.46
-1292.74
-1362.82
-1341.63
-1297.28
-1240.67
-1178.76
-1113.52
-1044.04
-1004.84
-987.737
-995.002
-1057.97
-1146.97
-1200.86
-1169.68
-1048.59
-885.262
-716.186
-553.164
-420.416
-341.403
-302.199
-273.288
-230.906
-185.193
-141.297
-70.4574
39.5858
181.416
337.626
501.858
665.334
797.325
862.866
857.72
810.04
746.769
676.686
610.993
572.092
574.06
600.549
633.698
669.269
702.57
717.101
690.006
625.978
545.3
465.682
396.053
346.556
334.901
368.05
431.019
505.037
583.899
659.128
715.587
739.2
724.821
688.947
644.899
592.375
537.581
485.208
441.917
405.741
367.142
335.809
324.154
321.732
313.104
288.886
245.141
183.838
108.457
22.4814
-57.2886
-125.555
-193.367
-261.33
-325.207
-373.644
-402.706
-421.476
-440.699
-465.977
-503.97
-555.132
-614.165
-683.49
-777.64
-912.508
-1091.88
-1278.81
-1416.41
-1458.03
-1385.22
-1225.84
-1039.35
-894.798
-836.976
-867.552
-951.409
-1038.44
-1089.76
-1089.45
-1039.2
-949.895
-837.733
-718.153
-598.877
-479.6
-363.502
-252.248
-149.622
-60.3159
12.9454
67.1344
113.604
180.659
302.357
499.134
760.694
1037.85
1265.95
1391.29
1397.04
1317.42
1222.97
1179.68
1213.13
1295.77
1360.86
1346.78
1232.65
1039.06
825.63
660.641
583.445
591.164
632.487
643.234
580.569
434.803
234.545
33.8339
-114.202
-177.776
-165.364
-115.413
-64.2514
-34.735
-28.6803
-32.4645
-33.07
-25.3503
-23.2312
-47.7525
-106.483
-191.55
-278.889
-342.311
-369.254
-365.621
-347.306
-339.586
-363.805
-428.438
-529.097
-645.8
-761.141
-856.805
-925.525
-968.513
-989.099
-998.181
-997.727
-981.228
-940.51
-875.271
-795.804
-719.364
-665.327
-639.746
-627.939
-608.413
-564.668
-490.044
-393.624
-293.571
-201.692
-116.019
-28.3776
67.8913
165.522
247.866
305.99
340.199
352.157
340.048
295.546
209.419
82.1197
-61.9809
-176.716
-218.494
-174.143
-65.9164
59.5661
157.651
212.295
227.28
211.689
178.691
133.433
82.2711
44.5809
48.5164
111.485
223.798
349.735
450.848
510.183
536.975
548.63
548.933
526.834
473.704
401.048
346.254
352.762
426.629
512.302
547.117
490.96
388.333
302.357
273.144
228.188
63.9558
-301.745
-759.476
-1015.59
-856.502
-178.079
734.357
1487.4
1698.71
1309.7
560.74
-147.049
-477.178
-353.512
93.0181
589.196
959.892
1118.37
1112.92
1036.94
949.599
857.72
715.739
447.82
12.3399
-527.432
-1037.99
-1310.75
-1266.1
-990.612
-761.444
-859.529
-1389.92
-2156.59
-2824.26
-3086.88
-2910.84
-2537.42
-2275.11
-2280.1
-2443.58
-2523.65
-2351.24
-1995.53
-1651.48
-1495.57
-1480.58
-1407.78
-1033.9
-326.418
563.767
1366.31
1906.84
2186.87
2305.99
2356.55
2363.96
2303.57
2197.76
2123.44
2153.26
2282.83
2380.31
2305.84
1995.24
1543.86
1110.05
807.164
624.616
477.337
297.514
104.673
-21.112
-34.4323
1.13879
-36.4
-240.593
-578.14
-887.229
-1003.78
-881.023
-623.701
-418.6
-387.57
-526.07
-729.354
-879.056
-943.235
-963.215
-968.059
-965.486
-883.445
-681.069
-382.574
-92.2541
76.6705
74.2487
-47.9039
-210.623
-363.805
-494.283
-599.634
-633.388
-483.838
-138.572
278.744
603.728
659.733
455.237
202.304
98.6186
216.079
462.806
662.155
737.233
722.096
757.667
908.882
1098.85
1154.85
934.311
446.609
-79.0853
-386.661
-443.272
-332.321
-241.35
-323.844
-459.469
-567.393
-598.725
-581.016
-609.472
-662.905
-656.396
-539.238
-289.636
21.4219
246.352
357.758
418.909
454.632
469.92
435.56
337.474
239.086
228.188
334.296
438.738
399.08
104.522
-372.736
-817.904
-1089.91
-1197.53
-1299.25
-1552.33
-1985.69
-2454.02
-2783.54
-2919.47
-2985.77
-3149.55
-3470.29
-3798.46
-3894.57
-3595.17
-2949.75
-2170.06
-1489.97
-997.878
-626.728
-234.387
279.955
923.413
1636.8
2350.64
3025.13
3663.75
4303.87
4919.78
4919.78
4919.78
4919.78
4919.78
4919.78
4919.78
4919.78
4919.78
4919.78
4919.78
4905.1
4321.58
3631.35
2976.54
2448.73
2014.31
1557.49
976.24
248.017
-579.805
-1432
-2285.7
-3130.63
-3965.56
-4809.58
-5000
-5000
-5000
-5000
-5000
-5000
-5000
-5000
-5000
-5000
-5000
-5000
-5000
-4287.97
-3079.77
-2066.67
-785.814
820.787
2437.68
3708.7
4507.31
4919.78
4919.78
4919.78
4766.45
4340.66
3939.69
3760.62
3875.66
4190.35
4510.34
4706.05
4762.06
4725.73
4630.37
4432.54
4055.94
3514.05
2939.91
2518.36
2334.6
2318.25
2307.51
2200.64
2031.87
1927.42
1971.93
2136.76
2312.95
2400.75
2361.39
2190.35
1897.3
1469.24
929.619
376.376
-79.8421
-380.001
-555.737
-669.262
-767.65
-867.854
-993.64
-1172.1
-1384.77
-1611.82
-1806.63
-1872.32
-1780.74
-1584.27
-1354.5
-1166.35
-1074.77
-1081.89
-1227.2
-1522.97
-1871.41
-2220.01
-2483.69
-2654.58
-2784.91
-2907.82
-3021.49
-3093.85
-3109.13
-3105.35
-3090.82
-3011.35
-2792.78
-2394.53
-1821.01
-1190.72
-646.103
-303.864
-146.141
-139.632
-266.477
-525.313
-838.792
-1054.64
-1105.2
-1012.11
-894.041
-875.423
-957.161
-1023.31
-957.615
-742.069
-469.005
-289.938
-281.613
-385.299
-462.193
-379.244
-122.679
198.974
428.446
485.359
395.145
287.675
286.767
464.471
782.188
1160.91
1516.01
1826.16
2127.68
2476.58
2899.8
3370.55
3812.09
4138.73
4309.47
4322.49
4218.96
4044.74
3809.81
3501.48
3106.72
2620.68
2087.57
1567.93
1122.46
785.821
559.226
424.056
358.968
344.74
369.261
404.53
438.284
470.979
501.101
517.297
501.707
419.666
233.486
-77.2689
-494.131
-992.732
-1538.41
-2111.33
-2668.2
-3147.13
-3468.17
-3558.54
-3411.11
-3080.68
-2645.8
-2179.75
-1736.85
-1346.47
-1023.31
-774.007
-582.832
-400.587
-166.878
160.83
554.836
929.619
1172.11
1221.91
1082.8
818.516
514.27
217.138
-58.6509
-332.472
-637.324
-984.406
-1372.36
-1775.45
-2166.58
-2470.97
-2614.17
-2580.87
-2386.51
-2123.29
-1901.38
-1786.65
-1783.62
-1788.01
-1714.45
-1528.57
-1289.56
-1097.78
-984.558
-940.813
-876.482
-710.585
-417.086
-52.4448
277.988
488.841
568.005
572.243
583.293
674.718
878.003
1161.97
1458.49
1692.2
1827.98
1877.63
1902.15
1957.09
2042.01
2132.98
2159.32
2088.02
1934.84
1738.67
1576.56
1485.74
1458.19
1443.96
1389.62
1256.12
1048.29
814.732
613.869
486.873
431.776
405.438
362.45
276.02
157.954
52.4519
-3.70493
-4.15903
19.4541
13.8535
-57.894
-190.491
-345.641
-467.945
-522.891
-520.923
-502.457
-516.382
-593.276
-721.635
-861.194
-967.756
-1018.77
-1031.63
-1042.83
-1086.58
-1176.49
-1296.52
-1406.57
-1470.44
-1469.69
-1406.42
-1295.92
-1151.67
-974.265
-759.325
-506.241
-228.03
49.2732
292.065
468.86
567.4
594.494
576.33
549.841
545.754
584.807
666.999
765.235
846.822
881.03
858.78
790.665
703.024
620.075
555.29
506.702
459.476
398.021
315.072
210.327
92.4126
-19.5984
-121.316
-208.201
-276.467
-326.266
-360.778
-386.964
-408.458
-423.746
-432.979
-439.64
-444.937
-452.354
-467.491
-490.044
-513.355
-528.794
-533.184
-527.886
-520.923
-520.923
-531.367
-549.834
-567.998
-574.053
-557.705
-521.529
-472.032
-420.265
-379.244
-348.214
-330.505
-325.509
-325.661
-327.477
-332.926
-344.43
-364.108
-386.661
-399.376
-387.721
-333.078
-231.511
-95.8869
50.1814
173.242
250.439
278.139
270.873
251.953
246.049
269.057
322.489
396.81
481.575
565.886
639.299
694.85
724.064
724.669
698.18
654.587
608.874
573.454
552.869
546.663
547.268
538.943
511.243
460.384
386.517
296.908
201.85
114.966
46.2459
-6.42952
-44.4224
-72.4252
-98.0061
-127.674
-159.007
-188.977
-210.774
-215.92
-206.384
-188.523
-160.066
-127.522
-95.5842
-65.7651
-40.6383
-16.4197
3.10655
13.8535
8.55573
-12.1814
-53.5044
-109.51
-167.483
-210.623
-229.392
-234.084
-232.873
-239.988
-262.844
-299.929
-343.371
-381.364
-401.041
-399.528
-387.267
-380.455
-397.56
-451.143
-550.591
-690.605
-848.177
-991.369
-1082.79
-1096.57
-1022.1
-876.634
-698.627
-539.087
-437.672
-416.783
-468.702
-561.338
-649.584
-691.513
-656.85
-540.904
-359.567
-146.141
56.5388
214.414
307.504
334.447
315.678
287.07
282.68
330.209
437.073
592.678
770.684
934.009
1051.47
1106.57
1096.27
1039.66
963.374
893.745
848.638
839.102
858.023
882.09
882.695
839.859
757.818
638.088
495.955
341.713
190.801
67.1344
-15.0574
-64.2514
-97.0979
-125.101
-170.965
-250.129
-356.085
-472.637
-577.231
-648.071
-678.041
-662.451
-598.423
-520.015
-455.079
-417.994
-419.205
-449.932
-489.439
-521.831
-518.955
-469.761
-388.175
-283.278
-179.138
-93.1623
-55.7749
-54.564
-86.9563
-147.957
-195.94
-233.025
-263.147
-274.348
-277.678
-273.439
-262.844
-271.169
-286.306
-271.774
-245.891
-196.545
-135.848
-78.4798
-6.27815
47.3055
101.797
135.249
152.656
166.885
166.733
169.307
155.23
135.552
124.956
136.612
153.11
189.438
223.042
251.044
270.873
248.017
189.287
109.971
36.5585
-21.5661
-51.2339
-64.4028
-60.9213
-72.4252
-83.7776
-71.3656
-50.6284
-26.4099
-5.36996
-16.7224
-39.8814
-43.5142
-25.9558
26.7197
74.7028
71.8268
37.7694
-0.374873
-14.6033
9.1612
41.4022
46.7
3.86338
-72.5765
-135.394
-158.098
-141.448
-132.518
-181.409
-292.966
-437.369
-546.807
-583.892
-553.316
-505.03
-479.752
-502.759
-554.981
-582.075
-565.122
-504.122
-423.746
-352.15
-294.328
-235.447
-158.704
-54.8667
62.2907
173.848
268.754
348.373
424.51
496.863
572.243
635.363
675.021
695.91
732.086
775.225
818.97
832.442
799.595
743.439
661.701
605.241
563.161
552.112
543.181
465.379
364.115
231.669
101.04
54.8738
31.412
14.7617
-20.9607
-86.1995
-184.285
-273.894
-294.177
-262.692
-201.389
-199.573
-269.807
-391.051
-491.407
-493.677
-396.803
-311.584
-314.762
-421.627
-583.892
-712.856
-726.176
-653.974
-586.465
-593.428
-696.508
-810.487
-883.142
-872.395
-784.3
-692.875
-667.748
-723.905
-811.698
-865.584
-822.142
-698.627
-546.958
-415.118
-342.614
-310.978
-286.306
-241.198
-145.232
-4.15903
154.019
284.95
363.964
400.897
416.185
456.6
552.566
683.8
803.228
863.623
816.094
718.16
664.577
700.905
833.501
955.351
980.629
860.747
662.76
510.789
498.225
631.579
746.92
721.642
538.943
293.881
104.068
103.16
265.424
452.815
460.989
256.948
-39.5787
-253.005
-236.355
-23.6853
183.535
180.356
-69.7006
-454.171
-675.165
-593.73
-253.762
33.9853
19.7568
-295.539
-709.223
-874.666
-664.267
-261.179
-26.2585
-143.113
-532.881
-893.284
-922.649
-614.165
-199.119
12.3399
-98.1574
-382.877
-579.805
-498.824
-201.086
74.8541
164.009
58.6579
-159.612
-346.549
-403.766
-365.167
-310.221
-339.738
-506.846
-778.851
-1073.11
-1281.24
-1328.76
-1235.37
-1066.75
-919.016
-868.309
-905.696
-964.275
-962.761
-850.447
-641.108
-397.56
-175.051
5.83114
176.875
379.554
623.859
876.641
1074.93
1184.67
1202.38
1177.41
1172.26
1228.26
1353.14
1530.24
1715.36
1836.45
1830.55
1671.92
1394.01
1084.62
874.976
812.007
852.422
880.879
805.196
604.03
351.4
162.344
91.2017
63.0476
-27.3181
-236.203
-540.601
-811.849
-929.158
-856.199
-695.448
-578.594
-596.152
-721.635
-846.663
-866.038
-770.375
-619.463
-491.71
-440.396
-439.488
-463.253
-477.481
-450.387
-384.845
-267.99
-160.52
-139.026
-213.347
-339.738
-428.893
-406.944
-281.311
-154.314
-110.267
-201.238
-343.673
-410.577
-351.847
-236.203
-176.716
-256.941
-434.19
-539.844
-488.985
-305.832
-123.436
-56.9858
-112.537
-191.096
-197
-91.1946
52.7547
121.475
114.361
79.6978
90.4448
173.545
287.221
376.527
372.137
272.992
124.502
-44.5738
-157.039
-210.623
-222.732
-194.729
-166.272
-136.604
-72.7279
21.1191
121.324
187.319
157.954
47.7596
-96.9465
-188.372
-139.329
38.2235
261.186
427.991
447.972
341.713
190.649
82.4224
58.5066
66.2262
37.3153
-61.8295
-205.476
-303.561
-302.35
-217.283
-119.954
-98.3088
-187.161
-347.003
-483.082
-503.516
-399.679
-222.429
-58.3481
38.5262
87.4175
141.304
235
353.217
450.091
493.987
493.079
497.62
563.767
691.974
825.479
898.438
874.522
787.486
694.396
639.904
615.988
596.159
552.566
460.687
347.767
238.632
166.431
145.088
115.118
37.3153
-105.12
-297.809
-477.33
-591.914
-615.224
-580.713
-544.99
-571.177
-673.198
-821.536
-960.339
-1025.73
-1020.89
-991.975
-981.833
-1021.95
-1080.07
-1105.95
-1065.99
-948.835
-794.139
-663.51
-604.023
-611.743
-653.52
-662.299
-596.152
-472.486
-332.018
-234.841
-203.357
-196.394
-178.23
-118.592
-22.6257
68.6481
129.497
161.587
191.255
250.439
344.437
453.724
551.204
616.745
658.068
703.024
773.409
860.142
930.83
959.589
926.138
872.403
849.546
863.775
921.748
951.264
905.552
785.367
620.226
487.63
451.453
470.374
480.97
412.098
252.255
76.0651
-86.3509
-175.354
-187.463
-165.969
-147.654
-183.225
-287.517
-420.87
-535.606
-577.534
-534.395
-438.883
-359.567
-354.572
-430.255
-537.119
-614.165
-610.835
-522.74
-402.706
-325.509
-351.696
-476.724
-600.996
-624.76
-500.337
-270.564
-78.7826
-30.3454
-143.416
-320.817
-437.066
-411.788
-256.638
-69.2465
33.9853
10.6749
-116.473
-259.817
-341.403
-354.874
-342.462
-386.359
-525.464
-732.23
-922.346
-1008.17
-945.354
-769.012
-572.842
-457.955
-475.967
-596.001
-725.57
-759.174
-641.108
-391.505
-92.2541
164.917
336.112
436.771
520.476
635.363
783.248
927.348
1029.67
1077.2
1103.24
1163.78
1281.85
1441.39
1585.03
1647.85
1605.17
1486.65
1349.05
1234.32
1145.01
1070.39
988.349
873.159
745.558
629.914
509.124
357.152
152.051
-98.9143
-332.321
-500.035
-581.016
-589.038
-572.388
-581.167
-633.691
-735.258
-846.209
-919.47
-945.203
-914.778
-854.534
-778.548
-697.87
-656.245
-656.85
-679.858
-700.292
-670.322
-592.217
-505.03
-480.811
-541.812
-637.475
-716.791
-677.739
-528.34
-358.659
-289.182
-380.909
-573.901
-723.3
-712.704
-532.578
-284.186
-147.503
-178.836
-343.825
-492.769
-488.834
-313.097
-75.7552
85.6011
94.8345
-22.7771
-116.624
-103.304
25.6601
192.466
299.936
298.422
226.22
177.026
208.208
317.797
456.448
528.196
501.555
427.083
341.41
309.169
343.983
418.304
488.235
516.087
476.731
399.535
317.04
269.208
278.442
309.32
333.236
322.641
254.526
149.175
73.3405
56.6902
100.132
160.83
178.994
114.663
-15.6629
-142.508
-190.945
-128.733
-3.55356
89.5366
70.0104
-51.688
-201.541
-276.315
-223.64
-79.8421
58.5066
91.2017
-5.82406
-162.639
-278.586
-271.774
-139.783
20.5137
103.311
47.3055
-100.277
-234.236
-272.229
-202.751
-74.9984
18.2432
15.5186
-68.4897
-179.138
-251.794
-241.804
-162.488
-61.8295
-0.828971
-14.4519
-98.3088
-201.843
-253.611
-217.888
-121.922
-22.6257
17.9404
-42.3033
-165.515
-277.98
-316.427
-250.432
-136.604
-57.1372
-81.053
-207.444
-355.631
-434.644
-390.294
-259.362
-138.269
-107.693
-190.945
-333.835
-441.456
-429.801
-290.392
-96.6438
38.0721
30.0497
-112.991
-284.489
-344.884
-220.915
39.1317
282.226
354.73
214.111
-28.529
-180.955
-96.4924
201.548
526.531
661.095
523.201
220.771
-18.9929
-2.79673
279.804
633.547
800.352
676.686
347.162
57.2956
5.52841
195.19
472.947
627.492
546.814
301.147
36.4071
-102.85
-70.1547
53.0574
144.634
147.207
58.8093
-83.7776
-243.166
-370.011
-406.642
-332.775
-207.292
-138.118
-207.595
-387.721
-576.777
-655.488
-547.11
-343.976
-222.126
-260.119
-432.525
-595.093
-630.966
-518.804
-318.698
-175.506
-159.309
-225.456
-289.938
-272.38
-152.498
-7.94318
111.333
170.669
165.371
151.9
144.785
136.612
136.914
157.349
195.039
216.23
171.88
40.494
-147.654
-306.891
-360.475
-312.946
-252.4
-280.402
-431.617
-629.907
-751.757
-721.029
-571.328
-417.843
-361.686
-414.815
-490.196
-479.449
-342.311
-122.981
87.7202
217.441
266.332
285.253
328.544
417.547
542.122
670.934
779.312
849.395
874.068
853.33
795.206
740.563
731.935
784.307
860.747
873.613
761.905
542.727
311.742
204.121
266.635
414.52
490.506
364.418
38.9803
-313.4
-463.555
-331.11
-26.7126
190.649
116.631
-227.878
-611.137
-759.779
-550.894
-165.213
88.7798
-10.0623
-399.225
-740.707
-783.695
-516.079
-157.796
-39.4273
-239.231
-583.437
-798.68
-714.218
-443.726
-236.203
-254.67
-428.893
-568.755
-537.573
-391.202
-287.971
-330.656
-439.64
-465.523
-341.706
-143.113
-57.1372
-169.602
-395.289
-539.541
-448.873
-187.312
39.8885
69.7077
-124.344
-371.979
-465.22
-343.673
-92.4055
100.586
124.654
-11.4246
-222.58
-397.257
-457.047
-397.862
-269.807
-161.428
-155.222
-282.521
-493.98
-653.52
-628.696
-376.52
11.4317
352.157
508.518
469.314
371.38
410.887
677.443
1091.58
1456.52
1591.39
1464.55
1216.46
1046.02
1080.53
1277.61
1463.64
1477.87
1258.39
899.346
578.147
424.207
451.302
543.03
543.181
350.946
4.46885
-343.825
-533.487
-504.878
-367.892
-265.72
-323.39
-520.469
-724.511
-813.363
-734.955
-546.504
-344.582
-247.404
-311.281
-458.863
-576.02
-578.14
-446.754
-289.787
-228.938
-329.142
-530.762
-682.734
-690.453
-565.425
-411.788
-361.989
-426.319
-540.904
-609.018
-571.479
-455.23
-347.306
-317.79
-378.034
-500.489
-619.16
-684.853
-686.366
-655.185
-652.46
-711.039
-817.298
-913.416
-929.915
-843.939
-687.123
-528.946
-431.92
-410.88
-418.751
-384.845
-271.32
-103.607
44.2782
103.008
60.4743
-23.3825
-63.4946
-5.36996
134.644
287.07
386.82
415.882
416.639
459.778
590.105
798.99
1034.82
1227.05
1333.31
1369.19
1378.27
1402.94
1455.77
1511.02
1531.91
1475.6
1339.52
1152.58
971.547
845.611
778.253
744.649
696.969
611.901
505.491
389.999
293.124
228.491
201.85
194.131
147.51
42.4618
-116.473
-320.666
-545.445
-719.213
-822.899
-873.304
-940.359
-1046.16
-1186.93
-1358.74
-1464.69
-1443.05
-1322.41
-1120.03
-945.808
-873.152
-881.932
-908.421
-830.164
-587.524
-274.802
-15.8142
70.6159
-7.64045
-119.803
-145.686
-22.0202
201.85
387.879
406.497
243.173
-2.64537
-188.22
-212.893
-111.326
-12.0301
-31.7077
-222.732
-520.923
-794.896
-935.061
-921.438
-828.348
-764.169
-804.129
-932.791
-1060.7
-1089
-959.582
-710.131
-438.883
-243.469
-164.456
-146.292
-78.6312
114.815
431.321
783.399
1056.92
1189.21
1202.53
1183.31
1210.86
1301.53
1402.94
1438.51
1367.67
1215.7
1051.77
934.009
868.316
814.429
714.982
555.29
376.678
218.349
90.5962
-43.2115
-212.742
-403.917
-598.423
-749.789
-842.122
-890.105
-904.485
-923.709
-960.188
-979.411
-948.079
-825.018
-629.301
-413.453
-258.151
-178.533
-154.466
-135.999
-48.5093
106.49
292.821
421.785
452.21
421.331
361.39
323.397
350.038
432.23
508.972
548.176
525.623
438.587
324.608
225.615
194.433
247.412
342.772
388.485
324.911
168.247
-7.03498
-89.2268
-25.653
124.199
244.384
233.335
86.0552
-114.051
-242.409
-224.851
-101.185
5.83114
-22.1716
-210.623
-475.362
-687.88
-760.687
-716.337
-657.455
-678.647
-822.293
-1038.6
-1219.93
-1272.61
-1183.91
-1021.49
-881.629
-834.251
-867.4
-920.984
-906.604
-774.159
-545.445
-301.442
-124.192
-47.4498
-36.5514
-12.9383
90.7476
277.685
480.97
614.929
624.767
536.824
434.349
401.654
470.525
599.489
714.982
744.498
677.292
579.358
526.682
573.757
696.666
836.529
914.785
890.869
786.427
651.408
544.392
489.597
482.635
480.818
433.592
309.926
181.567
98.6186
109.366
212.446
331.723
402.411
345.497
148.872
-180.803
-564.214
-876.482
-1062.81
-1105.95
-1091.73
-1111.86
-1211.3
-1345.72
-1381.59
-1218.57
-872.093
-458.409
-180.349
-132.82
-258.303
-398.317
-380.304
-139.48
196.855
412.401
358.666
15.9727
-420.265
-719.667
-747.064
-548.926
-314.611
-229.392
-368.346
-643.984
-843.636
-809.579
-511.69
-78.9339
257.25
353.065
205.635
-26.7126
-117.986
55.6306
427.991
795.206
943.393
809.737
502.161
226.674
169.155
348.373
625.07
807.466
774.469
558.923
305.385
166.431
197.763
352.914
509.729
565.583
506.096
388.031
293.73
276.928
328.695
405.892
462.503
471.434
430.262
354.125
259.824
164.463
101.04
83.482
110.274
147.661
144.785
72.5836
-53.353
-170.056
-198.967
-117.835
6.73934
60.4743
-33.6754
-266.325
-518.501
-625.82
-522.285
-294.631
-135.696
-185.193
-444.029
-744.34
-873.001
-752.665
-500.943
-342.008
-391.959
-622.793
-847.269
-868.914
-672.289
-410.577
-298.264
-422.687
-690.907
-899.641
-882.386
-637.475
-305.832
-98.6115
-113.445
-273.288
-438.429
-493.223
-392.867
-215.92
-63.7973
-2.9481
-42.3033
-101.942
-118.138
-72.7279
-8.54865
37.1639
29.4443
-15.0574
-73.0306
-100.277
-50.9312
53.3601
171.728
253.618
273.901
232.124
159.468
96.8022
71.07
101.797
182.778
285.404
361.844
371.986
312.196
220.317
155.23
159.014
230.61
333.69
408.919
427.386
404.984
376.224
385.458
437.982
501.555
530.315
490.354
399.837
309.623
279.047
335.507
444.188
532.737
534.402
421.029
237.27
68.4967
-12.4842
34.4394
178.237
339.896
444.188
446.609
357.001
237.573
152.051
127.681
145.391
172.788
169.912
112.09
10.9776
-105.12
-203.508
-272.229
-332.321
-434.342
-599.028
-807.913
-1003.33
-1091.12
-1034.51
-877.088
-720.121
-662.451
-725.57
-835.462
-891.922
-820.477
-617.343
-349.425
-129.187
-23.8366
-22.4743
-75.3011
-114.505
-104.969
-71.517
-48.358
-58.8022
-109.056
-150.076
-174.295
-197.151
-211.531
-237.112
-296.296
-391.354
-467.642
-485.352
-426.168
-320.363
-211.833
-149.016
-159.007
-233.479
-312.795
-339.738
-281.311
-155.222
-20.2038
57.447
40.6454
-30.194
-101.79
-141.751
-137.967
-118.592
-106.028
-101.336
-95.1301
-57.7427
5.07431
79.2437
152.808
214.111
260.429
303.72
352.006
414.066
505.34
627.492
767.052
894.805
973.061
969.126
885.723
765.538
679.411
672.296
734.357
812.31
829.415
734.054
543.484
346.556
225.009
215.625
278.593
325.517
282.377
127.075
-89.9837
-277.678
-362.594
-331.867
-255.276
-220.31
-292.663
-456.744
-628.545
-716.64
-671.381
-557.402
-473.697
-473.091
-543.931
-617.798
-623.852
-522.437
-366.076
-233.327
-201.692
-283.581
-392.867
-451.143
-410.88
-294.479
-177.625
-109.964
-110.115
-155.374
-197.605
-194.88
-153.709
-118.743
-117.986
-154.466
-201.995
-205.627
-141.448
-42.7574
36.7098
18.8486
-78.7826
-211.077
-312.038
-302.048
-203.206
-68.9438
28.3847
34.288
-27.1667
-105.423
-165.818
-181.712
-150.984
-96.4924
-51.2339
-36.2487
-44.2711
-64.5541
-66.2192
-59.2563
-45.0279
-41.0924
-81.3558
-148.411
-205.325
-211.985
-133.88
20.2109
183.838
289.189
282.68
183.384
75.7623
28.8388
96.1968
253.92
411.341
495.955
492.322
422.694
315.375
235.151
205.332
221.074
243.93
225.312
171.577
106.338
54.117
41.5536
76.9732
115.118
109.366
36.8612
-68.4897
-149.773
-161.883
-96.0383
11.8858
96.0454
99.5268
24.2978
-86.6536
-159.461
-152.649
-78.1771
8.55573
51.241
21.876
-58.1968
-129.339
-147.806
-108.299
-64.7055
-58.8022
-103.607
-176.565
-234.084
-248.01
-213.347
-163.548
-155.071
-206.838
-285.397
-343.371
-338.073
-268.142
-173.538
-113.597
-129.339
-207.898
-289.636
-309.011
-259.514
-164.607
-89.6809
-82.8694
-139.783
-223.791
-267.082
-229.846
-148.411
-87.4104
-98.1574
-195.789
-304.621
-360.626
-325.661
-218.494
-114.959
-66.5219
-93.7678
-157.796
-179.441
-114.808
32.623
217.441
370.472
456.751
479.607
494.441
566.34
696.515
848.487
962.465
999.55
954.897
857.266
743.893
658.371
603.273
543.938
442.977
283.285
71.07
-153.709
-347.609
-485.503
-561.641
-604.326
-653.52
-736.015
-830.77
-912.508
-941.873
-903.577
-814.422
-714.823
-644.438
-613.862
-604.629
-580.561
-511.538
-394.532
-272.834
-183.982
-146.443
-156.282
-181.106
-188.826
-154.768
-80.7503
9.6153
79.5465
96.0454
50.9383
-26.1071
-90.135
-100.882
-43.9683
49.2732
128.286
162.949
174.453
199.731
261.64
359.574
452.059
469.92
385.458
234.394
112.544
73.4918
116.934
179.145
158.257
19.6055
-202.146
-416.632
-558.008
-598.423
-583.74
-579.956
-637.324
-727.235
-766.439
-707.104
-551.045
-366.076
-214.255
-112.083
-22.4743
97.4077
274.657
480.97
583.293
533.342
355.184
180.356
141.455
349.735
799.141
1332.25
1797.1
2072.59
2144.18
2071.22
1936.2
1776.51
1574.44
1278.22
855.601
325.517
-236.355
-719.062
-1047.22
-1196.02
-1198.29
-1103.99
-967.453
-810.638
-622.036
-395.441
-168.997
22.1787
137.822
143.574
58.0525
-79.2367
-219.704
-340.495
-452.203
-585.557
-755.238
-941.873
-1115.94
-1223.26
-1230.07
-1163.02
-1091.12
-1087.49
-1180.27
-1321.8
-1436.69
-1438.81
-1304.55
-1086.58
-876.028
-748.427
-715.126
-746.459
-765.531
-724.813
-649.736
-574.658
-521.983
-481.568
-409.669
-259.211
-45.482
187.773
365.477
446.307
454.632
455.843
520.325
662.458
849.092
1010.15
1085.22
1065.85
999.096
940.366
940.517
1005.15
1115.04
1240.37
1358.89
1452.89
1500.57
1489.98
1413.84
1274.73
1072.51
839.102
620.681
443.431
324.911
252.558
188.379
110.879
11.5831
-105.272
-209.714
-280.402
-324.147
-359.415
-391.051
-416.935
-418.902
-396.954
-360.778
-332.321
-330.05
-346.701
-364.713
-352.604
-286.306
-162.337
-4.31039
152.202
277.382
352.762
362.601
305.082
180.356
-3.85629
-231.662
-468.248
-674.257
-822.596
-905.242
-943.538
-951.409
-941.873
-933.547
-937.786
-950.803
-951.409
-921.589
-846.209
-715.429
-529.854
-322.331
-135.545
-26.4099
-38.5192
-172.327
-398.468
-661.391
-912.356
-1119.73
-1271.09
-1349.2
-1338.45
-1224.62
-1021.04
-743.734
-421.476
-85.594
254.072
579.509
881.182
1137.44
1355.26
1533.87
1657.84
1699.77
1629.84
1428.67
1124.58
787.637
480.516
257.553
127.681
54.117
-3.55356
-70.1547
-129.944
-147.957
-84.2317
62.2907
244.082
409.676
521.536
573.152
613.112
677.897
759.786
820.787
809.586
709.987
540.154
335.204
128.589
-72.8793
-286.911
-537.725
-821.082
-1088.55
-1284.87
-1357.83
-1308.18
-1192.53
-1075.07
-987.434
-925.525
-860.589
-758.719
-619.614
-460.528
-317.638
-197.908
-92.2541
25.6601
179.297
372.743
589.651
781.431
924.624
1010.9
1054.95
1080.08
1094.91
1076.14
976.997
775.831
499.134
215.171
-8.70001
-146.746
-225.154
-308.102
-436.158
-602.964
-758.114
-841.971
-840.306
-791.717
-745.097
-728.446
-731.019
-716.034
-646.557
-517.593
-365.016
-255.276
-218.039
-227.576
-225.608
-148.411
14.9131
216.987
378.041
435.257
397.567
331.723
308.261
346.405
405.589
426.629
377.132
280.107
198.974
185.806
233.183
272.538
222.89
63.1989
-145.081
-292.058
-297.355
-167.937
10.5235
129.043
130.708
36.7098
-76.6634
-145.989
-168.845
-182.317
-247.102
-369.708
-503.213
-597.969
-634.145
-638.837
-655.639
-720.727
-831.981
-950.198
-1027.55
-1037.38
-995.608
-947.927
-919.47
-917.2
-907.21
-844.544
-704.379
-488.531
-233.327
20.5137
258.764
488.538
709.684
906.914
1049.65
1116.86
1118.68
1084.62
1042.24
1009.84
998.339
1008.78
1066.91
1203.14
1446.53
1796.19
2188.23
2520.33
2675.63
2594.34
2273.6
1758.05
1111.11
399.232
-316.125
-978.655
-1503.14
-1810.11
-1864.6
-1701.88
-1418.22
-1128.66
-911.145
-786.268
-728.295
-693.935
-672.743
-687.577
-760.687
-889.348
-1043.89
-1164.99
-1202.22
-1159.54
-1087.03
-1029.82
-1009.84
-1006.05
-962.156
-846.058
-669.868
-491.558
-373.038
-337.467
-358.356
-375.914
-348.366
-268.293
-171.721
-99.5197
-48.8121
5.07431
91.2017
210.024
325.819
386.668
365.326
282.983
195.342
163.403
206.997
296.757
386.517
431.019
424.964
402.562
394.994
412.703
438.738
443.279
409.071
353.217
310.077
310.38
355.336
404.832
422.694
384.852
308.715
242.871
225.009
268.603
336.415
374.862
342.924
252.861
149.024
74.7028
58.0525
80.1519
91.5044
54.7224
-21.8689
-97.7033
-126.614
-92.1028
-29.4372
4.62021
-34.735
-136.15
-228.332
-237.566
-153.86
-39.7301
0.987423
-92.7082
-292.512
-522.891
-676.679
-744.945
-803.372
-954.739
-1230.53
-1550.06
-1731.7
-1601.22
-1128.96
-441.91
229.248
681.227
828.355
730.118
518.508
334.75
274.809
336.869
478.396
655.798
862.564
1108.08
1375.24
1609.25
1719.75
1629.99
1328.77
880.728
398.929
1.59289
-249.372
-367.438
-416.026
-454.322
-496.705
-510.782
-460.679
-340.949
-201.238
-116.17
-128.128
-226.97
-345.641
-407.247
-380.909
-299.474
-240.593
-261.784
-361.232
-480.963
-549.683
-534.092
-458.863
-389.991
-380.001
-438.731
-521.68
-572.236
-567.544
-534.849
-537.725
-626.123
-792.02
-973.054
-1092.48
-1110.65
-1048.59
-974.719
-945.808
-968.513
-983.65
-914.778
-739.496
-498.824
-277.072
-138.421
-99.6711
-106.937
-96.0383
-51.0825
4.62021
31.412
14.7617
-3.09946
56.2361
238.178
533.494
877.095
1173.32
1353.6
1411.57
1396.58
1372.06
1376.3
1400.97
1408.84
1362.68
1265.05
1148.04
1044.51
982.597
940.366
873.765
746.466
559.68
365.174
230.761
194.736
243.93
314.315
336.718
280.561
169.458
67.4372
40.494
95.4399
182.93
233.032
197.158
88.3257
-38.5192
-125.101
-147.503
-129.187
-123.284
-158.553
-209.26
-224.851
-169.905
-67.5815
-3.85629
-69.3979
-303.713
-646.557
-978.957
-1183.6
-1208.28
-1111.1
-1008.78
-1006.66
-1129.11
-1317.71
-1463.63
-1483.16
-1375.23
-1206.76
-1062.81
-994.094
-987.888
-980.774
-928.098
-844.09
-781.727
-792.928
-883.597
-1004.69
-1078.1
-1047.22
-906.15
-694.994
-470.972
-265.266
-73.6361
131.162
360.028
581.477
737.989
792.178
746.012
644.899
563.01
548.328
604.333
690.006
757.818
782.945
767.809
736.93
714.528
709.23
705.748
692.58
672.902
660.641
672.751
705.748
730.118
715.89
649.289
539.397
430.716
372.137
384.247
462.654
574.968
680.773
750.401
779.766
780.372
764.176
743.439
718.463
681.378
626.735
550.295
446.609
319.462
169.155
-6.42952
-202.903
-417.843
-640.048
-844.393
-1001.51
-1091.27
-1111.71
-1093.39
-1082.04
-1108.38
-1166.35
-1221.29
-1232.19
-1166.2
-1016.34
-808.822
-585.102
-371.676
-177.322
2.19835
173.848
336.264
464.622
531.223
523.049
442.977
316.435
186.108
75.1569
-29.5885
-153.406
-311.735
-493.072
-665.781
-779.759
-808.973
-763.26
-686.518
-633.54
-632.329
-677.284
-729.506
-750.848
-716.64
-634.296
-542.114
-485.503
-487.169
-534.395
-588.433
-606.445
-563.003
-466.734
-357.599
-267.99
-197
-117.684
11.8858
211.841
453.421
676.989
826.085
896.924
935.976
1010.15
1150.31
1327.71
1464.55
1483.17
1363.13
1158.18
969.731
894.653
963.979
1131.54
1318.33
1455.16
1521.01
1541.14
1549.77
1546.28
1492.7
1333.92
1045.41
667.15
281.469
-34.735
-256.335
-421.627
-598.423
-833.646
-1122.6
-1407.63
-1617.87
-1724.44
-1749.41
-1744.11
-1755.77
-1798.91
-1846.44
-1858.7
-1818.28
-1745.48
-1682.36
-1659.5
-1665.25
-1646.63
-1539.92
-1300.91
-928.552
-469.61
-4.61313
388.788
656.1
774.015
741.168
564.524
263.154
-121.316
-516.685
-828.802
-957.917
-836.522
-474.151
42.159
577.693
1012.11
1290.48
1422.62
1458.34
1456.98
1458.8
1476.66
1506.93
1539.47
1568.69
1595.63
1607.29
1580.04
1479.23
1265.2
913.12
424.661
-156.736
-747.518
-1251.57
-1601.83
-1781.2
-1807.08
-1723.07
-1573.52
-1396.58
-1217.66
-1052.98
-914.173
-799.437
-693.178
-578.594
-435.855
-247.859
-14.3006
249.228
512
739.957
899.648
975.18
966.704
892.686
787.335
685.768
611.447
577.844
579.66
599.943
615.837
595.554
518.206
379.1
197.612
7.64754
-155.222
-266.023
-327.78
-366.681
-408.609
-470.67
-549.077
-619.614
-659.272
-661.996
-647.465
-649.584
-704.682
-828.499
-1011.96
-1218.72
-1401.72
-1512.52
-1520.7
-1415.8
-1210.55
-934.002
-623.852
-321.12
-54.4126
162.041
326.576
449.485
551.355
652.013
762.511
884.815
1009.54
1119.58
1196.63
1224.48
1198.14
1124.12
1028.31
929.316
841.524
762.359
679.713
576.482
441.009
275.566
96.9536
-71.517
-214.255
-320.212
-391.505
-435.704
-464.464
-487.925
-512.749
-539.087
-559.219
-555.586
-513.658
-427.53
-301.745
-150.227
1.74425
130.86
222.588
282.377
333.236
394.994
473.704
552.869
592.526
549.084
390.301
113.452
-253.913
-655.488
-1036.78
-1357.52
-1592.75
-1726.4
-1745.02
-1633.92
-1384.16
-1004.54
-531.065
-27.1667
430.111
773.863
971.245
1029.67
983.808
881.787
765.387
664.88
599.641
567.854
549.993
516.087
443.431
337.626
243.325
215.927
283.739
424.813
544.846
512.908
236.362
-296.144
-972.449
-1614.39
-2054.26
-2196.09
-2050.48
-1703.85
-1268.52
-833.948
-456.441
-168.997
12.6426
79.3951
40.494
-69.5492
-195.032
-270.109
-253.611
-147.503
10.3721
171.577
303.266
402.865
492.171
591.921
700.753
800.806
869.375
885.269
856.812
813.37
783.097
783.399
792.481
771.29
692.428
552.717
374.256
187.622
14.1563
-138.875
-272.834
-394.078
-501.094
-586.313
-642.924
-673.5
-696.205
-729.203
-773.099
-806.703
-794.139
-696.357
-500.035
-223.337
88.7798
380.311
608.117
759.332
848.033
892.534
912.515
912.969
890.264
846.216
782.642
708.776
635.817
569.367
503.977
432.23
351.854
265.878
189.136
134.341
101.495
76.5191
36.7098
-36.7028
-149.622
-290.695
-442.818
-588.281
-714.066
-816.844
-896.009
-947.927
-973.811
-978.503
-973.508
-976.384
-998.029
-1041.62
-1092.94
-1128.2
-1127.3
-1082.49
-1000.3
-898.733
-801.102
-726.781
-681.977
-664.267
-664.721
-665.478
-652.006
-613.862
-548.32
-462.193
-369.406
-283.127
-213.65
-163.396
-123.89
-80.599
-18.5388
73.6432
197.612
344.589
498.225
638.088
743.136
801.109
811.856
783.551
731.783
674.567
633.093
624.011
647.927
695.304
750.401
797.174
828.809
849.849
866.197
880.879
893.14
897.378
887.388
861.958
820.333
762.359
686.374
591.467
481.726
370.018
274.355
204.575
162.495
137.368
110.728
68.9508
6.8907
-69.7006
-149.319
-216.374
-264.66
-295.539
-315.217
-334.894
-362.897
-400.738
-444.483
-486.714
-515.323
-517.593
-483.536
-407.247
-285.7
-122.376
69.7077
267.392
434.803
535.764
546.36
461.141
300.692
98.4672
-118.592
-333.078
-544.536
-758.568
-969.421
-1152.57
-1279.72
-1331.79
-1311.96
-1252.02
-1177.25
-1099.6
-1019.37
-933.396
-854.232
-802.313
-794.139
-819.569
-861.043
-906.453
-966.243
-1059.48
-1180.43
-1275.94
-1262.77
-1121.54
-895.706
-665.175
-447.511
-141.297
384.701
1157.58
1992.51
2505.49
2346.1
1463.34
170.669
-1018.01
-1671.46
-1660.71
-1168.32
-497.764
132.222
687.887
1233.41
1785.59
2283.59
2615.38
2705.3
2577.85
2328.39
2062.29
1841.45
1663.29
1487.25
1276.4
1017.56
728.151
442.22
186.865
-24.8962
-193.821
-325.661
-418.751
-468.853
-471.124
-432.374
-376.368
-323.542
-276.921
-212.59
-94.8274
91.5044
307.655
454.178
408.768
88.6284
-496.099
-1240.06
-1980.55
-2557.86
-2871.94
-2902.37
-2695.9
-2338.23
-1914.25
-1489.36
-1102.93
-772.342
-503.062
-295.842
-144.324
-37.4596
42.159
116.934
203.969
303.871
403.016
482.181
531.375
557.864
582.688
622.648
678.502
731.027
754.64
737.535
685.617
623.254
577.087
555.593
546.511
526.228
467.952
372.44
250.893
119.81
-0.0721402
-101.487
-185.95
-254.216
-305.075
-334.591
-339.284
-322.028
-294.328
-272.077
-270.412
-292.209
-325.661
-339.889
-303.864
-200.632
-40.4869
131.768
248.623
240.751
81.6656
-206.536
-548.169
-844.544
-1015.59
-1014.98
-848.177
-563.608
-232.268
74.7028
301.147
414.066
409.525
311.894
167.036
32.1689
-39.276
-15.2088
105.884
297.211
516.238
724.972
896.318
1017.41
1087.19
1103.39
1065.39
977.148
844.097
678.957
494.593
302.812
113.755
-69.3979
-245.134
-406.944
-538.633
-628.696
-669.565
-660.786
-615.83
-546.504
-459.771
-357.599
-237.414
-103.607
29.1415
140.85
212.446
230.761
197.915
124.654
27.0224
-83.6263
-198.362
-312.643
-427.076
-538.936
-646.557
-749.183
-842.425
-921.589
-975.022
-994.699
-972.146
-904.788
-804.129
-679.858
-554.981
-445.24
-363.654
-313.097
-285.095
-274.348
-263.298
-241.198
-209.26
-155.071
-86.1995
-7.94318
74.7028
152.202
221.679
285.404
347.313
417.396
499.739
595.705
698.634
795.811
872.1
915.239
918.569
881.939
813.521
719.977
612.355
498.982
384.549
275.112
171.123
78.0328
0.836057
-60.4672
-99.9738
-121.316
-126.009
-119.197
-111.024
-103.607
-101.185
-105.272
-113.294
-122.073
-127.522
-125.403
-118.289
-113.748
-122.679
-157.947
-224.548
-319.152
-429.195
-534.849
-617.343
-661.088
-658.364
-613.711
-536.06
-438.731
-332.775
-226.213
-122.527
-22.4743
74.8541
167.642
252.104
322.792
376.224
408.162
417.396
407.708
383.036
349.432
313.71
282.529
258.613
243.779
233.94
223.95
207.3
180.81
142.666
95.4399
42.159
-13.0896
-67.2787
-116.321
-158.855
-199.119
-241.35
-292.663
-358.053
-439.185
-531.822
-626.425
-710.888
-772.04
-799.437
-788.539
-739.496
-657.607
-551.348
-428.438
-294.933
-154.163
-8.39728
141.153
290.097
434.5
567.551
679.865
761.905
805.045
805.196
761.905
680.016
568.005
437.528
299.633
163.403
34.5907
-82.7181
-187.463
-279.948
-359.415
-427.379
-483.536
-527.735
